# Options: --keepunused --dodsnsmt --runsmtanalysistype=binarysearch --smtmultithread=abstractenv --smtcalcstats --flowsensitive --toposortinput
# Format: Benchmark,Trace,Initial-CSs,Initial-Stmts,Initial-Vars,Init0-CSs,Init0-Stmts,Init0-Vars,Init1-CSs,Init1-Stmts,Init1-Vars,Init2-CSs,Init2-Stmts,Init2-Vars,Reduced-CSs,Reduced-Stmts,Reduced-Vars,slice0-CSs,slice0-Stmts,slice0-Vars,slice1-CSs,slice1-Stmts,slice1-Vars,slice2-CSs,slice2-Stmts,slice2-Vars,Reduced-CSs,Reduced-Stmts,Reduced-Vars,slice0-CSs,slice0-Stmts,slice0-Vars,slice1-CSs,slice1-Stmts,slice1-Vars,slice2-CSs,slice2-Stmts,slice2-Vars,Reduced-CSs,Reduced-Stmts,Reduced-Vars,slice0-CSs,slice0-Stmts,slice0-Vars,slice1-CSs,slice1-Stmts,slice1-Vars,slice2-CSs,slice2-Stmts,slice2-Vars,Time[s]
apache1,340,8,120,61,0,59,35,0,28,20,0,33,21,4,6,6,0,1,1,0,2,5,0,3,5,4,7,6,0,2,2,0,2,5,0,3,5,4,9,7,0,3,3,0,2,7,0,4,6,1.30131983757
apache1,248,6,120,61,0,59,35,0,28,20,0,33,22,6,8,6,0,1,1,0,4,6,0,3,5,6,12,7,0,4,4,0,4,7,0,4,6,6,12,7,0,4,4,0,4,7,0,4,6,2.03028202057
apache1,392,7,110,57,0,59,35,0,22,16,0,29,19,4,6,6,0,1,1,0,2,5,0,3,6,5,9,7,0,3,3,0,3,7,0,3,6,5,9,7,0,3,3,0,3,7,0,3,6,1.83288502693
apache1,266,8,120,61,0,59,35,0,29,22,0,32,21,3,6,6,0,1,1,0,2,5,0,3,6,4,9,7,0,3,3,0,3,7,0,3,6,4,9,7,0,3,3,0,3,7,0,3,6,2.01801085472
apache1,369,8,124,61,0,59,35,0,45,31,0,20,15,4,7,7,0,2,2,0,2,7,0,3,6,4,8,7,0,3,3,0,2,7,0,3,6,4,8,7,0,3,3,0,2,7,0,3,6,1.30204296112
apache1,293,6,110,57,0,59,35,0,22,16,0,29,20,4,6,6,0,1,1,0,3,5,0,2,6,5,9,7,0,3,3,0,4,7,0,2,6,5,9,7,0,3,3,0,4,7,0,2,6,1.63548588753
apache1,186,4,100,53,0,59,35,0,17,12,0,24,14,4,7,7,0,2,2,0,2,6,0,3,6,4,8,7,0,3,3,0,2,6,0,3,6,4,8,7,0,3,3,0,2,7,0,3,6,1.25575184822
apache1,385,5,110,57,0,59,35,0,32,22,0,19,13,4,6,6,0,1,1,0,3,5,0,2,5,5,9,7,0,3,3,0,4,7,0,2,6,4,7,6,0,2,2,0,3,5,0,2,5,1.29351997375
apache1,367,3,124,61,0,59,35,0,46,31,0,19,14,2,6,6,0,1,1,0,2,4,0,3,6,3,9,7,0,3,3,0,3,6,0,3,6,3,9,7,0,3,3,0,3,6,0,3,6,1.46211791039
apache1,157,4,120,61,0,59,35,0,28,19,0,33,21,4,9,7,0,2,2,0,3,6,0,4,6,4,11,7,0,4,4,0,3,6,0,4,6,4,11,7,0,4,4,0,3,7,0,4,6,1.67063999176
apache1,283,4,124,61,0,59,35,0,21,16,0,44,29,3,6,6,0,1,1,0,2,5,0,3,6,4,9,7,0,3,3,0,3,7,0,3,6,4,9,7,0,3,3,0,3,7,0,3,6,1.31639289856
apache1,270,9,120,61,0,59,35,0,31,23,0,30,21,3,7,7,0,2,2,0,3,7,0,2,6,3,8,7,0,3,3,0,3,7,0,2,6,3,8,7,0,3,3,0,3,7,0,2,6,1.21659708023
apache1,114,6,120,61,0,59,35,0,19,19,0,42,29,2,6,6,0,1,1,0,3,6,0,2,4,4,9,7,0,3,3,0,3,7,0,3,6,4,9,7,0,3,3,0,3,7,0,3,6,1.32552313805
apache1,380,4,110,57,0,59,35,0,32,22,0,19,14,3,9,9,0,2,2,0,6,9,0,1,4,3,15,11,0,6,6,0,8,10,0,1,5,3,9,9,0,2,2,0,6,9,0,1,4,2.11130809784
apache1,370,4,124,61,0,59,35,0,44,30,0,21,15,2,6,6,0,1,1,0,1,5,0,4,6,2,9,7,0,3,3,0,2,6,0,4,6,2,9,7,0,3,3,0,2,6,0,4,6,1.34378194809
apache1,373,5,110,57,0,59,35,0,32,22,0,19,14,5,8,8,0,1,1,0,5,8,0,2,6,5,16,11,0,6,6,0,8,10,0,2,6,5,11,9,0,3,3,0,6,9,0,2,6,2.22592306137
apache1,416,4,110,57,0,59,35,0,29,20,0,22,15,4,7,7,0,2,2,0,2,6,0,3,6,4,8,7,0,3,3,0,2,6,0,3,6,4,8,7,0,3,3,0,2,7,0,3,6,1.2493917942
apache1,391,4,110,57,0,59,35,0,22,16,0,29,19,3,7,7,0,2,2,0,3,7,0,2,6,3,8,7,0,3,3,0,3,7,0,2,6,3,8,7,0,3,3,0,3,7,0,2,6,1.25721883774
apache1,389,6,124,61,0,59,35,0,22,16,0,43,29,4,7,7,0,2,2,0,3,7,0,2,6,4,8,7,0,3,3,0,3,7,0,2,6,4,8,7,0,3,3,0,3,7,0,2,6,1.32409501076
apache1,345,8,120,61,0,59,35,0,27,20,0,34,24,4,9,9,0,2,2,0,5,9,0,2,6,4,15,11,0,6,6,0,5,9,0,4,9,4,10,9,0,3,3,0,5,9,0,2,6,1.99958205223
apache1,160,3,110,57,0,59,35,0,17,14,0,34,20,2,9,7,0,3,3,0,1,4,0,5,6,2,9,7,0,3,3,0,1,4,0,5,6,2,10,7,0,4,4,0,1,5,0,5,6,1.47592902184
apache1,409,4,113,57,0,59,35,0,33,25,0,21,13,3,6,6,0,2,2,0,1,4,0,3,5,4,10,7,0,4,4,0,2,6,0,4,6,3,7,6,0,3,3,0,1,5,0,3,5,1.3270919323
apache1,115,8,120,61,0,59,35,0,19,20,0,42,30,4,6,6,0,1,1,0,2,5,0,3,5,4,7,6,0,2,2,0,2,5,0,3,5,4,9,7,0,3,3,0,2,7,0,4,6,1.31268000603
apache1,265,9,120,61,0,59,35,0,33,24,0,28,20,4,8,8,0,1,1,0,2,5,0,5,8,5,11,9,0,3,3,0,3,7,0,5,8,7,16,11,0,6,6,0,5,10,0,5,8,2.02666091919
apache1,426,4,109,57,0,59,35,0,29,22,0,21,13,3,6,6,0,2,2,0,1,4,0,3,5,4,10,7,0,4,4,0,2,6,0,4,6,3,7,6,0,3,3,0,1,5,0,3,5,1.19882893562
apache1,236,6,120,61,0,59,35,0,28,20,0,33,22,6,8,6,0,1,1,0,4,6,0,3,5,6,12,7,0,4,4,0,4,7,0,4,6,6,12,7,0,4,4,0,4,7,0,4,6,1.81946396828
apache1,273,7,120,61,0,59,35,0,33,22,0,28,18,5,9,9,0,2,2,0,3,7,0,4,8,5,10,9,0,3,3,0,3,7,0,4,8,7,15,11,0,6,6,0,5,10,0,4,8,2.01400399208
apache1,299,6,110,57,0,59,35,0,22,16,0,29,20,2,8,8,0,1,1,0,3,5,0,4,8,3,11,9,0,3,3,0,4,7,0,4,8,3,16,11,0,6,6,0,4,8,0,6,9,2.16512107849
apache1,205,3,124,61,0,59,35,0,21,15,0,44,29,2,6,6,0,1,1,0,4,5,0,1,2,3,9,7,0,3,3,0,5,7,0,1,4,2,6,6,0,1,1,0,4,5,0,1,2,1.23788404465
apache1,235,6,120,61,0,59,35,0,27,19,0,34,23,4,8,8,0,1,1,0,5,8,0,2,5,4,16,11,0,6,6,0,5,9,0,5,9,4,12,9,0,4,4,0,5,9,0,3,6,2.25828289986
apache1,390,7,110,57,0,59,35,0,21,16,0,30,19,4,6,6,0,1,1,0,2,5,0,3,6,5,9,7,0,3,3,0,3,7,0,3,6,5,9,7,0,3,3,0,3,7,0,3,6,1.3659350872
apache1,368,4,124,61,0,59,35,0,46,31,0,19,15,2,6,6,0,1,1,0,2,5,0,3,6,2,9,7,0,3,3,0,3,6,0,3,6,2,9,7,0,3,3,0,3,6,0,3,6,1.37955904007
apache1,128,5,140,69,0,59,35,0,42,33,0,39,28,3,6,6,0,1,1,0,2,5,0,3,6,3,9,7,0,3,3,0,3,6,0,3,7,3,9,7,0,3,3,0,3,6,0,3,7,1.44375801086
apache1,289,6,110,57,0,59,35,0,21,16,0,30,20,2,6,6,0,1,1,0,3,5,0,2,6,3,9,7,0,3,3,0,4,7,0,2,6,3,9,7,0,3,3,0,4,7,0,2,6,1.38410305977
apache1,328,9,140,69,0,59,35,0,40,30,0,41,27,3,6,6,0,1,1,0,4,6,0,1,5,5,9,7,0,3,3,0,4,7,0,2,6,5,9,7,0,3,3,0,4,7,0,2,6,1.42097997665
apache1,245,6,120,61,0,59,35,0,28,19,0,33,22,4,8,8,0,1,1,0,5,8,0,2,5,4,16,11,0,6,6,0,5,9,0,5,9,4,12,9,0,4,4,0,5,9,0,3,6,2.145870924
apache1,267,9,120,61,0,59,35,0,33,23,0,28,20,4,6,6,0,1,1,0,2,5,0,3,6,5,9,7,0,3,3,0,3,7,0,3,6,5,9,7,0,3,3,0,3,7,0,3,6,1.41410803795
apache1,51,4,102,55,0,59,35,0,32,21,0,11,13,2,6,8,0,1,1,0,3,5,0,2,7,2,8,8,0,3,3,0,3,5,0,2,7,4,14,11,0,6,6,0,5,10,0,3,8,1.72176790237
apache1,343,7,120,61,0,59,35,0,26,20,0,35,23,4,7,7,0,2,2,0,2,7,0,3,6,4,8,7,0,3,3,0,2,7,0,3,6,4,8,7,0,3,3,0,2,7,0,3,6,1.35139894485
apache1,382,4,110,57,0,59,35,0,33,23,0,18,14,3,7,7,0,2,2,0,4,7,0,1,3,3,8,7,0,3,3,0,4,7,0,1,4,3,7,7,0,2,2,0,4,7,0,1,3,1.25000309944
apache1,291,7,110,57,0,59,35,0,22,16,0,29,19,4,6,6,0,1,1,0,2,5,0,3,6,5,9,7,0,3,3,0,3,7,0,3,6,5,9,7,0,3,3,0,3,7,0,3,6,1.41132807732
apache1,303,6,144,69,0,59,35,0,41,32,0,44,30,3,6,6,0,1,1,0,1,5,0,4,6,4,9,7,0,3,3,0,2,7,0,4,6,4,9,7,0,3,3,0,2,7,0,4,6,1.4687640667
apache1,297,7,110,57,0,59,35,0,21,16,0,30,20,4,8,8,0,1,1,0,2,5,0,5,8,5,11,9,0,3,3,0,3,7,0,5,8,5,16,11,0,6,6,0,3,8,0,7,9,2.42501997948
apache1,243,6,120,61,0,59,35,0,26,19,0,35,23,2,8,8,0,1,1,0,5,8,0,2,4,4,16,11,0,6,6,0,5,9,0,5,9,4,11,9,0,3,3,0,5,9,0,3,6,2.07228398323
apache1,301,8,110,57,0,59,35,0,22,17,0,29,20,3,9,9,0,2,2,0,3,7,0,4,8,3,10,9,0,3,3,0,3,7,0,4,8,3,15,11,0,6,6,0,3,8,0,6,9,2.01838517189
apache1,271,6,107,57,0,59,35,0,33,22,0,15,14,4,6,8,0,1,1,0,2,5,0,3,7,4,7,8,0,2,2,0,2,5,0,3,7,6,14,11,0,6,6,0,4,10,0,4,8,1.83684587479
apache1,375,5,110,57,0,59,35,0,33,23,0,18,14,4,6,6,0,1,1,0,3,5,0,2,6,5,9,7,0,3,3,0,4,7,0,2,6,5,9,7,0,3,3,0,4,7,0,2,6,1.31549406052
apache1,203,5,110,57,0,59,35,0,22,16,0,29,19,2,8,8,0,1,1,0,2,4,0,5,8,3,11,9,0,3,3,0,3,6,0,5,8,3,16,11,0,6,6,0,3,7,0,7,9,2.3256649971
apache1,304,6,110,57,0,59,35,0,22,16,0,29,20,5,9,9,0,2,2,0,4,7,0,3,8,5,10,9,0,3,3,0,4,7,0,3,8,5,15,11,0,6,6,0,4,8,0,5,9,2.15217709541
apache1,141,6,110,57,0,59,35,0,19,15,0,32,20,4,8,8,0,1,1,0,2,6,0,5,7,4,11,9,0,3,3,0,2,7,0,6,8,4,16,11,0,6,6,0,2,8,0,8,9,2.48268198967
apache1,346,6,120,61,0,59,35,0,27,19,0,34,22,6,9,9,0,2,2,0,4,9,0,3,6,6,15,11,0,6,6,0,4,9,0,5,9,6,10,9,0,3,3,0,4,9,0,3,6,2.09683203697
apache1,415,4,124,61,0,59,35,0,44,29,0,21,13,4,9,7,0,3,3,0,3,6,0,3,6,4,11,7,0,4,4,0,3,6,0,4,6,4,10,7,0,4,4,0,3,7,0,3,6,1.85951209068
apache1,109,4,110,57,0,59,35,0,17,13,0,34,21,2,6,6,0,1,1,0,3,6,0,2,4,4,9,7,0,3,3,0,3,7,0,3,6,4,9,7,0,3,3,0,3,7,0,3,6,1.32631802559
apache1,142,5,110,57,0,59,35,0,19,15,0,32,20,2,9,9,0,2,2,0,1,3,0,6,8,2,9,9,0,2,2,0,1,3,0,6,8,2,15,11,0,6,6,0,1,6,0,8,9,2.19015884399
apache1,110,4,110,57,0,59,35,0,17,13,0,34,21,4,7,7,0,2,2,0,2,6,0,3,6,4,8,7,0,3,3,0,2,6,0,3,6,4,8,7,0,3,3,0,2,7,0,3,6,1.28532290459
apache1,244,6,120,61,0,59,35,0,26,18,0,35,21,2,6,6,0,1,1,0,2,4,0,3,4,2,7,6,0,2,2,0,2,4,0,3,4,4,9,7,0,3,3,0,2,6,0,4,6,1.26881408691
apache1,49,7,120,61,0,59,35,0,31,21,0,30,21,4,6,6,0,1,1,0,3,5,0,2,5,5,9,7,0,3,3,0,4,7,0,2,6,4,7,6,0,2,2,0,3,5,0,2,5,1.41612195969
apache1,204,5,110,57,0,59,35,0,22,15,0,29,19,4,6,6,0,1,1,0,3,5,0,2,6,5,9,7,0,3,3,0,4,7,0,2,6,5,9,7,0,3,3,0,4,7,0,2,6,1.41952300072
apache1,425,4,120,61,0,59,35,0,40,26,0,21,13,4,9,7,0,3,3,0,3,6,0,3,6,4,11,7,0,4,4,0,3,6,0,4,6,4,10,7,0,4,4,0,3,7,0,3,6,1.85206508636
apache1,394,5,97,53,0,59,35,0,22,15,0,16,15,5,6,8,0,1,1,0,3,5,0,2,7,5,7,8,0,2,2,0,3,5,0,2,7,5,14,11,0,6,6,0,3,8,0,5,9,1.97505998611
apache1,330,8,140,69,0,59,35,0,37,28,0,44,32,4,7,7,0,2,2,0,2,6,0,3,6,4,8,7,0,3,3,0,2,6,0,3,6,4,8,7,0,3,3,0,2,7,0,3,6,1.48593711853
apache1,155,4,110,57,0,59,35,0,17,14,0,34,20,4,8,6,0,2,2,0,2,6,0,4,5,4,11,7,0,4,4,0,2,7,0,5,6,4,11,7,0,4,4,0,2,7,0,5,6,1.83545207977
apache1,292,7,110,57,0,59,35,0,22,16,0,29,19,4,6,6,0,1,1,0,2,5,0,3,6,5,9,7,0,3,3,0,3,7,0,3,6,5,9,7,0,3,3,0,3,7,0,3,6,1.41956806183
apache1,339,8,120,61,0,59,35,0,28,20,0,33,21,4,6,6,0,1,1,0,2,5,0,3,5,4,7,6,0,2,2,0,2,5,0,3,5,4,9,7,0,3,3,0,2,7,0,4,6,1.41816401482
apache1,52,3,120,61,0,59,35,0,30,19,0,31,20,2,8,6,0,1,1,0,5,5,0,2,4,3,12,7,0,4,4,0,6,7,0,2,5,2,10,6,0,3,3,0,5,5,0,2,4,1.92545986176
apache1,335,8,140,69,0,59,35,0,37,28,0,44,32,4,7,7,0,2,2,0,2,6,0,3,6,4,8,7,0,3,3,0,2,6,0,3,6,4,8,7,0,3,3,0,2,7,0,3,6,1.48467612267
apache1,107,6,110,57,0,59,35,0,17,14,0,34,21,4,8,8,0,1,1,0,2,6,0,5,7,4,11,9,0,3,3,0,2,7,0,6,8,4,16,11,0,6,6,0,2,8,0,8,9,2.49863505363
apache1,414,4,124,61,0,59,35,0,42,30,0,23,16,2,7,7,0,2,2,0,1,3,0,4,6,2,7,7,0,2,2,0,1,3,0,4,6,2,8,7,0,3,3,0,1,4,0,4,6,1.35520195961
apache1,143,4,110,57,0,59,35,0,19,14,0,32,19,2,6,6,0,1,1,0,3,6,0,2,4,4,9,7,0,3,3,0,3,7,0,3,6,4,9,7,0,3,3,0,3,7,0,3,6,1.49278092384
apache1,384,7,110,57,0,59,35,0,30,22,0,21,14,4,6,6,0,1,1,0,2,5,0,3,6,5,9,7,0,3,3,0,3,7,0,3,6,5,9,7,0,3,3,0,3,7,0,3,6,1.46683883667
apache1,71,4,124,61,0,59,35,0,19,14,0,46,29,4,9,7,0,3,3,0,3,7,0,3,6,4,10,7,0,4,4,0,3,7,0,3,6,4,10,7,0,4,4,0,3,7,0,3,6,1.86661195755
apache1,411,4,109,57,0,59,35,0,29,22,0,21,13,3,6,6,0,2,2,0,1,4,0,3,5,4,10,7,0,4,4,0,2,6,0,4,6,3,7,6,0,3,3,0,1,5,0,3,5,1.48033213615
apache1,298,8,110,57,0,59,35,0,21,16,0,30,21,2,8,8,0,1,1,0,3,5,0,4,8,3,11,9,0,3,3,0,4,7,0,4,8,3,16,11,0,6,6,0,4,8,0,6,9,2.85473394394
apache1,422,4,120,61,0,59,35,0,40,26,0,21,13,4,9,7,0,3,3,0,3,6,0,3,6,4,11,7,0,4,4,0,3,6,0,4,6,4,10,7,0,4,4,0,3,7,0,3,6,1.997631073
apache1,286,5,110,57,0,59,35,0,21,15,0,30,19,4,6,6,0,1,1,0,3,5,0,2,5,5,9,7,0,3,3,0,4,7,0,2,6,4,7,6,0,2,2,0,3,5,0,2,5,1.99810409546
apache1,418,6,110,57,0,59,35,0,28,21,0,23,17,4,7,7,0,2,2,0,3,7,0,2,6,4,8,7,0,3,3,0,3,7,0,2,6,4,8,7,0,3,3,0,3,7,0,2,6,2.07765293121
apache1,185,4,120,61,0,59,35,0,19,15,0,42,26,2,6,6,0,1,1,0,1,5,0,4,6,2,9,7,0,3,3,0,2,6,0,4,6,2,9,7,0,3,3,0,2,6,0,4,6,1.67985796928
apache1,77,5,100,53,0,59,35,0,22,14,0,19,12,3,7,7,0,2,2,0,3,6,0,2,5,3,8,7,0,3,3,0,3,6,0,2,6,3,8,7,0,3,3,0,3,6,0,2,5,1.36743783951
apache1,247,6,109,57,0,59,35,0,16,15,0,34,22,3,6,6,0,1,1,0,2,5,0,3,5,4,10,7,0,4,4,0,3,7,0,3,6,3,8,6,0,3,3,0,2,5,0,3,5,1.54711389542
apache1,234,9,120,61,0,59,35,0,32,23,0,29,21,6,8,6,0,1,1,0,3,5,0,4,6,7,12,7,0,4,4,0,4,7,0,4,6,7,12,7,0,4,4,0,4,7,0,4,6,2.05732584
apache1,377,6,110,57,0,59,35,0,31,23,0,20,15,3,7,7,0,2,2,0,3,7,0,2,6,3,8,7,0,3,3,0,3,7,0,2,6,3,8,7,0,3,3,0,3,7,0,2,6,1.4145989418
apache1,206,4,120,61,0,59,35,0,21,19,0,40,28,2,6,6,0,1,1,0,4,5,0,1,2,2,9,7,0,3,3,0,5,6,0,1,4,2,6,6,0,1,1,0,4,5,0,1,2,1.32380008698
apache1,216,9,120,61,0,59,35,0,32,23,0,29,21,6,8,6,0,1,1,0,3,5,0,4,6,7,12,7,0,4,4,0,4,7,0,4,6,7,12,7,0,4,4,0,4,7,0,4,6,2.01804900169
apache1,423,4,109,57,0,59,35,0,29,22,0,21,13,3,6,6,0,2,2,0,1,4,0,3,5,4,10,7,0,4,4,0,2,6,0,4,6,3,7,6,0,3,3,0,1,5,0,3,5,1.48562502861
apache1,275,9,140,69,0,59,35,0,40,32,0,41,29,3,7,7,0,2,2,0,2,6,0,3,6,3,8,7,0,3,3,0,2,6,0,3,6,3,8,7,0,3,3,0,2,6,0,3,6,1.54869318008
apache1,207,5,140,69,0,59,35,0,39,30,0,42,29,2,6,6,0,1,1,0,2,4,0,3,6,3,9,7,0,3,3,0,3,6,0,3,6,3,9,7,0,3,3,0,3,6,0,3,6,1.55032896996
apache1,212,7,120,61,0,59,35,0,31,21,0,30,19,2,6,6,0,1,1,0,3,4,0,2,4,3,9,7,0,3,3,0,4,6,0,2,5,2,7,6,0,2,2,0,3,4,0,2,4,1.63835787773
apache1,305,5,97,53,0,59,35,0,22,15,0,16,15,5,6,8,0,1,1,0,3,5,0,2,7,5,7,8,0,2,2,0,3,5,0,2,7,5,14,11,0,6,6,0,3,8,0,5,9,2.18512582779
apache1,306,4,110,57,0,59,35,0,22,16,0,29,19,3,7,7,0,2,2,0,3,7,0,2,6,3,8,7,0,3,3,0,3,7,0,2,6,3,8,7,0,3,3,0,3,7,0,2,6,1.31546211243
apache1,287,6,110,57,0,59,35,0,21,15,0,30,20,2,6,6,0,1,1,0,4,5,0,1,2,3,9,7,0,3,3,0,5,7,0,1,4,2,6,6,0,1,1,0,4,5,0,1,2,1.60214209557
apache1,113,6,120,61,0,59,35,0,19,19,0,42,29,4,7,7,0,2,2,0,2,6,0,3,6,4,8,7,0,3,3,0,2,6,0,3,6,4,8,7,0,3,3,0,2,7,0,3,6,1.52916717529
apache1,214,7,120,61,0,59,35,0,33,23,0,28,18,5,9,7,0,2,2,0,3,7,0,4,6,5,11,7,0,4,4,0,3,7,0,4,6,5,11,7,0,4,4,0,3,7,0,4,6,1.93224692345
apache1,372,3,110,57,0,59,35,0,31,21,0,20,14,2,6,6,0,1,1,0,2,4,0,3,6,3,9,7,0,3,3,0,3,6,0,3,6,3,9,7,0,3,3,0,3,6,0,3,6,1.49600791931
apache1,246,6,120,61,0,59,35,0,27,19,0,34,23,4,9,7,0,2,2,0,4,7,0,3,6,4,11,7,0,4,4,0,4,7,0,3,6,4,11,7,0,4,4,0,4,7,0,3,6,1.95357108116
apache1,159,4,104,55,0,59,35,0,12,13,0,33,20,3,6,8,0,1,1,0,1,6,0,4,5,4,14,11,0,6,6,0,2,8,0,6,9,3,8,8,0,3,3,0,1,7,0,4,5,1.89591598511
apache1,371,6,124,61,0,59,35,0,44,31,0,21,15,1,6,6,0,1,1,-1,0,0,0,5,6,1,6,6,0,1,1,-1,0,0,0,5,6,2,9,7,0,3,3,0,1,4,0,5,6,1.61747813225
apache1,213,7,120,61,0,59,35,0,32,23,0,29,19,4,8,8,0,1,1,0,2,5,0,5,8,5,12,9,0,4,4,0,3,7,0,5,8,5,16,11,0,6,6,0,5,10,0,5,8,2.29789686203
apache1,342,6,120,61,0,59,35,0,28,19,0,33,21,4,6,6,0,1,1,0,3,6,0,2,5,4,9,7,0,3,3,0,3,7,0,3,6,4,9,7,0,3,3,0,3,7,0,3,6,1.50662684441
apache1,296,5,97,53,0,59,35,0,22,15,0,16,15,5,6,8,0,1,1,0,3,5,0,2,7,5,7,8,0,2,2,0,3,5,0,2,7,5,14,11,0,6,6,0,3,8,0,5,9,2.05885791779
apache1,233,6,120,61,0,59,35,0,32,23,0,29,19,3,8,8,0,1,1,0,1,4,0,6,8,4,12,9,0,4,4,0,2,6,0,6,8,4,16,11,0,6,6,0,4,9,0,6,8,2.30514597893
apache1,211,7,120,61,0,59,35,0,33,23,0,28,19,2,8,8,0,1,1,0,2,4,0,5,8,3,11,9,0,3,3,0,3,6,0,5,8,5,16,11,0,6,6,0,5,10,0,5,8,2.30193400383
apache1,376,5,110,57,0,59,35,0,32,21,0,19,13,3,6,6,0,1,1,0,3,5,0,2,5,3,9,7,0,3,3,0,4,6,0,2,6,3,7,6,0,2,2,0,3,5,0,2,5,1.38103199005
apache1,112,4,124,61,0,59,35,0,17,14,0,48,31,2,6,6,0,1,1,0,3,6,0,2,4,4,9,7,0,3,3,0,3,7,0,3,6,4,9,7,0,3,3,0,3,7,0,3,6,1.70516610146
apache1,209,7,144,69,0,59,35,0,41,31,0,44,32,2,6,6,0,1,1,0,2,4,0,3,6,3,9,7,0,3,3,0,3,6,0,3,6,3,9,7,0,3,3,0,3,6,0,3,6,1.64847803116
apache1,78,3,110,57,0,59,35,0,20,14,0,31,19,2,8,6,0,2,2,0,2,4,0,4,6,3,11,7,0,4,4,0,3,6,0,4,6,3,11,7,0,4,4,0,3,6,0,4,6,1.86276102066
apache1,50,4,107,57,0,59,35,0,32,21,0,16,15,2,6,6,0,1,1,0,3,5,0,2,5,2,8,6,0,3,3,0,3,5,0,2,5,4,10,7,0,4,4,0,3,7,0,3,6,1.49308991432
apache1,417,4,110,57,0,59,35,0,29,21,0,22,15,4,9,9,0,2,2,0,4,8,0,3,6,4,15,11,0,6,6,0,6,9,0,3,6,4,10,9,0,3,3,0,4,9,0,3,6,2.56958603859
apache1,70,4,110,57,0,59,35,0,20,15,0,31,20,3,9,7,0,3,3,0,4,7,0,2,5,3,10,7,0,4,4,0,4,7,0,2,6,3,10,7,0,4,4,0,4,7,0,2,5,1.78900694847
apache1,239,8,140,69,0,59,35,0,36,27,0,45,32,2,6,6,0,1,1,0,3,6,0,2,4,4,9,7,0,3,3,0,3,7,0,3,6,4,9,7,0,3,3,0,3,7,0,3,6,1.55236291885
apache1,158,4,109,57,0,59,35,0,17,15,0,33,20,3,6,6,0,1,1,0,1,4,0,4,5,4,10,7,0,4,4,0,2,6,0,4,6,3,8,6,0,3,3,0,1,5,0,4,5,1.64634299278
apache1,83,3,97,53,0,59,35,0,20,14,0,18,15,2,5,5,0,1,1,0,2,4,0,2,5,3,8,6,0,3,3,0,3,5,0,2,5,3,10,7,0,4,4,0,3,6,0,3,6,1.3735640049
apache1,117,4,110,57,0,59,35,0,17,13,0,34,20,4,6,6,0,1,1,0,2,5,0,3,5,4,7,6,0,2,2,0,2,5,0,3,5,4,9,7,0,3,3,0,2,7,0,4,6,1.43393278122
apache1,108,5,110,57,0,59,35,0,17,14,0,34,21,2,9,9,0,2,2,0,1,3,0,6,8,2,9,9,0,2,2,0,1,3,0,6,8,2,15,11,0,6,6,0,1,6,0,8,9,2.25967812538
apache1,84,3,92,51,0,59,35,0,20,14,0,13,13,2,5,7,0,1,1,0,2,4,0,2,7,3,8,8,0,3,3,0,3,5,0,2,7,3,14,11,0,6,6,0,3,7,0,5,9,2.00349593163
apache1,408,4,99,53,0,59,35,0,18,15,0,22,13,3,6,6,0,2,2,0,1,4,0,3,5,4,10,7,0,4,4,0,2,6,0,4,6,3,7,6,0,3,3,0,1,5,0,3,5,1.4046869278
apache1,383,5,110,57,0,59,35,0,30,21,0,21,14,4,6,6,0,1,1,0,3,5,0,2,5,5,9,7,0,3,3,0,4,7,0,2,6,4,7,6,0,2,2,0,3,5,0,2,5,1.45517802238
apache1,404,4,94,51,0,59,35,0,13,13,0,22,13,3,6,8,0,2,2,0,1,6,0,3,5,4,14,11,0,6,6,0,4,9,0,4,7,3,7,8,0,3,3,0,1,7,0,3,5,2.31779813766
apache1,250,8,140,69,0,59,35,0,36,27,0,45,32,2,6,6,0,1,1,0,3,6,0,2,4,4,9,7,0,3,3,0,3,7,0,3,6,4,9,7,0,3,3,0,3,7,0,3,6,1.55167293549
apache1,353,4,110,57,0,59,35,0,29,21,0,22,15,2,8,8,0,1,1,0,5,8,0,2,4,4,16,11,0,6,6,0,7,10,0,3,6,4,11,9,0,3,3,0,5,9,0,3,6,2.72192692757
apache1,85,3,100,53,0,59,35,0,22,14,0,19,12,2,6,6,0,1,1,0,3,4,0,2,4,3,9,7,0,3,3,0,4,6,0,2,5,2,7,6,0,2,2,0,3,4,0,2,4,1.71421599388
apache1,407,4,99,53,0,59,35,0,18,17,0,22,14,4,6,8,0,1,1,0,2,7,0,3,5,4,14,11,0,6,6,0,5,9,0,3,6,4,7,8,0,2,2,0,2,8,0,3,5,2.24957799911
apache1,337,8,120,61,0,59,35,0,27,20,0,34,23,4,8,8,0,1,1,0,5,8,0,2,5,6,16,11,0,6,6,0,5,9,0,5,9,6,11,9,0,3,3,0,5,9,0,3,6,2.35899090767
apache1,274,7,144,69,0,59,35,0,39,32,0,46,31,3,7,7,0,2,2,0,2,6,0,3,6,3,8,7,0,3,3,0,2,6,0,3,6,3,8,7,0,3,3,0,2,6,0,3,6,1.55318307877
apache1,217,7,120,61,0,59,35,0,32,23,0,29,19,5,9,7,0,2,2,0,3,7,0,4,6,5,11,7,0,4,4,0,3,7,0,4,6,5,11,7,0,4,4,0,3,7,0,4,6,2.29660391808
apache1,16,5,120,61,0,59,35,0,32,20,0,29,20,3,9,7,0,2,2,0,5,7,0,2,5,3,11,7,0,4,4,0,5,7,0,2,5,3,11,7,0,4,4,0,5,7,0,2,5,2.18712186813
apache1,264,8,120,61,0,59,35,0,32,23,0,29,20,3,8,8,0,1,1,0,1,5,0,6,8,4,11,9,0,3,3,0,2,7,0,6,8,6,16,11,0,6,6,0,4,10,0,6,8,2.83025217056
apache1,282,4,124,61,0,59,35,0,20,16,0,45,30,3,6,6,0,1,1,0,2,5,0,3,6,4,9,7,0,3,3,0,3,7,0,3,6,4,9,7,0,3,3,0,3,7,0,3,6,1.49823117256
apache1,350,4,124,61,0,59,35,0,42,30,0,23,16,2,6,6,0,1,1,0,1,2,0,4,5,2,6,6,0,1,1,0,1,2,0,4,5,2,9,7,0,3,3,0,1,4,0,5,6,1.37644696236
apache1,269,7,120,61,0,59,35,0,32,22,0,29,19,4,6,6,0,1,1,0,2,5,0,3,6,5,9,7,0,3,3,0,3,7,0,3,6,5,9,7,0,3,3,0,3,7,0,3,6,1.4698381424
apache1,17,4,120,61,0,59,35,0,27,19,0,34,22,4,8,6,0,1,1,0,4,6,0,3,5,4,12,7,0,4,4,0,4,7,0,4,6,4,12,7,0,4,4,0,4,7,0,4,6,2.07311701775
apache1,156,4,110,57,0,59,35,0,20,15,0,31,20,3,6,6,0,1,1,0,3,6,0,2,6,3,9,7,0,3,3,0,4,7,0,2,6,3,9,7,0,3,3,0,4,7,0,2,6,1.86510396004
apache1,300,6,110,57,0,59,35,0,22,16,0,29,20,2,8,8,0,1,1,0,3,5,0,4,8,3,11,9,0,3,3,0,4,7,0,4,8,3,16,11,0,6,6,0,4,8,0,6,9,2.49176502228
apache1,268,6,120,61,0,59,35,0,32,23,0,29,19,3,6,6,0,1,1,0,1,5,0,4,6,4,9,7,0,3,3,0,2,7,0,4,6,4,9,7,0,3,3,0,2,7,0,4,6,1.51877593994
apache1,218,8,141,69,0,59,35,0,40,30,0,42,30,3,6,6,0,1,1,0,2,5,0,3,6,4,9,7,0,3,3,0,3,7,0,3,6,4,9,7,0,3,3,0,3,7,0,3,6,1.59360408783
apache1,307,8,110,57,0,59,35,0,22,17,0,29,20,3,9,9,0,2,2,0,3,7,0,4,8,3,10,9,0,3,3,0,3,7,0,4,8,3,15,11,0,6,6,0,3,8,0,6,9,2.23350906372
apache1,279,4,120,61,0,59,35,0,20,16,0,41,26,3,6,6,0,1,1,0,1,5,0,4,6,4,9,7,0,3,3,0,2,7,0,4,6,4,9,7,0,3,3,0,2,7,0,4,6,1.55894494057
apache1,215,6,107,57,0,59,35,0,33,22,0,15,14,2,6,6,0,1,1,0,2,4,0,3,5,2,8,6,0,3,3,0,2,4,0,3,5,4,10,7,0,4,4,0,2,6,0,4,6,1.49812412262
apache1,255,8,140,69,0,59,35,0,36,27,0,45,32,2,6,6,0,1,1,0,3,6,0,2,4,4,9,7,0,3,3,0,3,7,0,3,6,4,9,7,0,3,3,0,3,7,0,3,6,1.60519313812
apache1,344,6,109,57,0,59,35,0,16,15,0,34,21,5,6,8,0,1,1,0,2,7,0,3,5,6,14,11,0,6,6,0,3,9,0,5,9,5,7,8,0,2,2,0,2,7,0,3,5,1.99367284775
apache1,288,6,110,57,0,59,35,0,21,16,0,30,20,2,6,6,0,1,1,0,3,5,0,2,6,3,9,7,0,3,3,0,4,7,0,2,6,3,9,7,0,3,3,0,4,7,0,2,6,1.48944020271
apache1,419,4,110,57,0,59,35,0,30,22,0,21,16,4,9,9,0,2,2,0,5,9,0,2,6,4,15,11,0,6,6,0,7,10,0,2,6,4,10,9,0,3,3,0,5,9,0,2,6,2.49186682701
apache1,172,5,144,69,0,59,35,0,42,33,0,43,31,3,6,6,0,1,1,0,2,5,0,3,6,3,9,7,0,3,3,0,3,6,0,3,7,3,9,7,0,3,3,0,3,6,0,3,7,1.64297795296
apache1,290,4,110,57,0,59,35,0,22,16,0,29,19,3,7,7,0,2,2,0,3,7,0,2,6,3,8,7,0,3,3,0,3,7,0,2,6,3,8,7,0,3,3,0,3,7,0,2,6,1.36500692368
apache1,374,5,110,57,0,59,35,0,31,23,0,20,14,2,6,6,0,1,1,0,2,4,0,3,6,3,9,7,0,3,3,0,3,6,0,3,6,3,9,7,0,3,3,0,3,6,0,3,6,1.49417614937
apache1,352,4,110,57,0,59,35,0,27,20,0,24,15,4,6,6,0,1,1,0,2,6,0,3,5,4,9,7,0,3,3,0,2,7,0,4,6,4,9,7,0,3,3,0,2,7,0,4,6,1.71893787384
apache1,272,9,120,61,0,59,35,0,33,24,0,28,19,3,9,9,0,2,2,0,2,6,0,5,8,3,10,9,0,3,3,0,2,6,0,5,8,5,15,11,0,6,6,0,4,10,0,5,8,2.31582093239
apache1,351,6,110,57,0,59,35,0,27,21,0,24,15,4,6,6,0,1,1,0,2,6,0,3,5,4,9,7,0,3,3,0,2,7,0,4,6,4,9,7,0,3,3,0,2,7,0,4,6,1.55352902412
apache1,106,4,100,53,0,59,35,0,17,12,0,24,14,4,6,6,0,1,1,0,2,5,0,3,5,4,7,6,0,2,2,0,2,5,0,3,5,4,9,7,0,3,3,0,2,7,0,4,6,1.46619296074
apache1,393,6,110,57,0,59,35,0,22,16,0,29,20,5,9,9,0,2,2,0,4,7,0,3,8,5,10,9,0,3,3,0,4,7,0,3,8,5,15,11,0,6,6,0,4,8,0,5,9,2.40725398064
apache1,338,8,120,61,0,59,35,0,27,20,0,34,23,4,8,8,0,1,1,0,5,8,0,2,5,6,16,11,0,6,6,0,5,9,0,5,9,6,11,9,0,3,3,0,5,9,0,3,6,2.28841590881
apache1,413,4,120,61,0,59,35,0,40,26,0,21,13,4,9,7,0,3,3,0,3,6,0,3,6,4,11,7,0,4,4,0,3,6,0,4,6,4,10,7,0,4,4,0,3,7,0,3,6,2.50322699547
apache1,75,5,97,53,0,59,35,0,20,16,0,18,15,3,6,6,0,2,2,0,3,5,0,1,4,3,7,6,0,3,3,0,3,5,0,1,5,3,9,7,0,4,4,0,3,6,0,2,5,1.52290010452
apache1,341,6,120,61,0,59,35,0,27,19,0,34,22,4,6,6,0,1,1,0,3,6,0,2,5,4,9,7,0,3,3,0,3,7,0,3,6,4,9,7,0,3,3,0,3,7,0,3,6,1.53995299339
apache1,295,6,110,57,0,59,35,0,22,16,0,29,20,5,9,9,0,2,2,0,4,7,0,3,8,5,10,9,0,3,3,0,4,7,0,3,8,5,15,11,0,6,6,0,4,8,0,5,9,2.39129400253
apache1,188,3,100,53,0,59,35,0,22,14,0,19,12,3,6,6,0,1,1,0,3,5,0,2,5,3,9,7,0,3,3,0,4,6,0,2,6,3,7,6,0,2,2,0,3,5,0,2,5,1.40616893768
apache1,76,5,92,51,0,59,35,0,20,16,0,13,13,3,6,8,0,2,2,0,3,5,0,1,6,3,7,8,0,3,3,0,3,5,0,1,7,3,13,11,0,6,6,0,3,7,0,4,8,1.94471311569
apache1,144,4,110,57,0,59,35,0,20,15,0,31,19,4,7,7,0,2,2,0,3,7,0,2,6,4,8,7,0,3,3,0,3,7,0,2,6,4,8,7,0,3,3,0,3,7,0,2,6,1.37220692635
apache1,187,2,100,53,0,59,35,0,17,12,0,24,14,2,6,6,0,1,1,0,2,4,0,3,4,2,7,6,0,2,2,0,2,4,0,3,4,2,9,7,0,3,3,0,2,5,0,4,5,1.33993601799
apache1,381,6,110,57,0,59,35,0,31,23,0,20,15,3,7,7,0,2,2,0,3,7,0,2,6,3,8,7,0,3,3,0,3,7,0,2,6,3,8,7,0,3,3,0,3,7,0,2,6,1.37091088295
apache1,140,4,120,61,0,59,35,0,29,19,0,32,20,4,6,6,0,1,1,0,3,6,0,2,5,4,9,7,0,3,3,0,3,7,0,3,6,4,9,7,0,3,3,0,3,7,0,3,6,1.51224088669
apache1,294,6,110,57,0,59,35,0,22,16,0,29,20,4,6,6,0,1,1,0,3,5,0,2,6,5,9,7,0,3,3,0,4,7,0,2,6,5,9,7,0,3,3,0,4,7,0,2,6,1.47856497765
apache1,378,3,110,57,0,59,35,0,30,20,0,21,14,3,6,6,0,1,1,0,2,5,0,3,6,3,9,7,0,3,3,0,3,6,0,3,6,3,9,7,0,3,3,0,3,6,0,3,6,1.55424499512
apache1,281,4,124,61,0,59,35,0,20,15,0,45,29,3,6,6,0,1,1,0,2,5,0,3,6,4,9,7,0,3,3,0,3,7,0,3,6,4,9,7,0,3,3,0,3,7,0,3,6,1.5188729763
apache1,379,5,110,57,0,59,35,0,31,22,0,20,14,4,6,6,0,1,1,0,2,5,0,3,6,5,9,7,0,3,3,0,3,7,0,3,6,5,9,7,0,3,3,0,3,7,0,3,6,1.45161700249
apache1,420,4,110,57,0,59,35,0,29,19,0,22,13,4,9,7,0,3,3,0,3,6,0,3,6,4,11,7,0,4,4,0,3,6,0,4,6,4,10,7,0,4,4,0,3,7,0,3,6,1.86108803749
apache1,249,6,120,61,0,59,35,0,28,20,0,33,23,4,9,7,0,2,2,0,4,7,0,3,6,4,11,7,0,4,4,0,4,7,0,3,6,4,11,7,0,4,4,0,4,7,0,3,6,1.97473287582
apache2,15,5,102,55,0,65,38,0,17,15,0,20,19,1,4,7,-1,0,0,0,3,7,0,1,4,3,8,7,0,1,1,0,6,7,0,1,6,2,5,7,-1,0,0,0,4,7,0,1,4,1.35999298096
apache2,22,4,171,90,0,65,38,0,16,17,0,90,58,0,4,7,-1,0,0,0,4,7,-1,0,0,2,8,7,0,1,1,0,5,7,0,2,5,0,4,7,-1,0,0,0,4,7,-1,0,0,1.56269192696
apache2,19,4,171,90,0,65,38,0,14,13,0,92,61,1,4,7,-1,0,0,0,1,4,0,3,7,1,5,7,-1,0,0,0,2,4,0,3,7,4,8,7,0,1,1,0,3,6,0,4,7,1.7488079071
apache2,21,4,171,90,0,65,38,0,94,61,0,12,15,0,4,7,-1,0,0,-1,0,0,0,4,7,0,4,7,-1,0,0,-1,0,0,0,4,7,2,8,7,0,1,1,0,3,5,0,4,7,1.6080520153
apache2,20,4,171,90,0,65,38,0,90,58,0,16,17,0,4,7,-1,0,0,-1,0,0,0,4,7,0,4,7,-1,0,0,-1,0,0,0,4,7,2,8,7,0,1,1,0,2,5,0,5,7,1.57550191879
apache2,16,2,78,43,0,65,38,0,6,5,0,7,7,0,4,7,-1,0,0,-1,0,0,0,4,7,0,4,7,-1,0,0,-1,0,0,0,4,7,2,8,7,0,1,1,0,2,5,0,5,7,1.15866112709
apache2,17,4,102,55,0,65,38,0,21,18,0,16,12,0,4,7,-1,0,0,0,4,7,-1,0,0,2,8,7,0,1,1,0,5,7,0,2,5,0,4,7,-1,0,0,0,4,7,-1,0,0,1.16002106667
apache2,18,3,78,43,0,65,38,0,8,7,0,5,7,1,4,7,-1,0,0,0,1,4,0,3,7,3,7,7,0,1,1,0,3,4,0,3,7,2,6,7,-1,0,0,0,3,6,0,3,7,1.18653702736
bankaccount,5,5,98,22,0,37,16,0,35,13,0,26,12,4,16,14,0,5,4,0,3,9,0,8,10,2,8,10,0,4,4,-1,0,0,0,4,9,4,25,12,0,8,8,0,1,9,0,16,9,3.76564288139
bankaccount,19,6,98,22,0,37,16,0,36,14,0,25,11,4,20,15,0,6,5,0,12,12,0,2,9,6,35,15,0,9,9,0,24,11,0,2,14,2,10,12,0,5,5,0,5,11,-1,0,0,5.71061706543
bankaccount,16,6,99,22,0,37,16,0,36,14,0,26,12,4,20,15,0,6,5,0,12,12,0,2,8,6,35,15,0,9,9,0,24,11,0,2,14,2,10,12,0,5,5,0,5,11,-1,0,0,5.21984910965
bankaccount,17,6,99,22,0,37,16,0,36,14,0,26,12,4,20,15,0,6,5,0,12,12,0,2,7,6,35,15,0,9,9,0,24,11,0,2,14,2,10,12,0,5,5,0,5,11,-1,0,0,5.42861914635
bankaccount,18,7,99,22,0,37,16,0,36,14,0,26,12,4,16,14,0,5,4,0,3,8,0,8,10,2,8,10,0,4,4,-1,0,0,0,4,9,6,25,13,0,8,8,0,2,10,0,15,9,3.61920189857
bluetooth,6,5,21,10,0,10,8,0,5,6,0,6,6,1,2,4,-1,0,0,0,1,3,0,1,2,3,6,6,0,2,2,0,3,5,0,1,4,2,4,5,0,1,1,0,1,3,0,2,3,0.885648965836
pool,152,3,471,147,0,118,33,0,160,62,0,193,71,0,2,3,-1,0,0,0,2,3,-1,0,0,3,75,66,0,7,9,0,56,40,0,12,33,0,2,3,-1,0,0,0,2,3,-1,0,0,12.5779659748
pool,146,4,471,147,0,118,33,0,182,71,0,171,62,0,2,3,-1,0,0,-1,0,0,0,2,3,0,2,3,-1,0,0,-1,0,0,0,2,3,4,88,66,0,7,9,0,12,37,0,69,40,13.8650391102
pool,130,4,518,162,0,118,33,0,182,71,0,218,77,0,2,4,-1,0,0,-1,0,0,0,2,4,0,2,4,-1,0,0,-1,0,0,0,2,4,4,87,66,0,7,9,0,12,37,0,68,40,15.9407429695
pool,131,4,518,162,0,118,33,0,182,71,0,218,77,0,2,3,-1,0,0,-1,0,0,0,2,3,0,2,3,-1,0,0,-1,0,0,0,2,3,4,88,66,0,7,9,0,12,37,0,69,40,14.426625967
pool,143,4,471,147,0,118,33,0,182,71,0,171,62,0,2,4,-1,0,0,-1,0,0,0,2,4,0,2,4,-1,0,0,-1,0,0,0,2,4,4,87,66,0,7,9,0,12,37,0,68,40,15.256100893
pool,149,3,471,147,0,118,33,0,160,62,0,193,71,0,2,4,-1,0,0,0,2,4,-1,0,0,3,75,67,0,7,9,0,56,42,0,12,33,0,2,4,-1,0,0,0,2,4,-1,0,0,13.6947410107
pool,138,3,518,162,0,118,33,0,207,77,0,193,71,0,2,3,-1,0,0,0,2,3,-1,0,0,3,75,66,0,7,9,0,56,40,0,12,33,0,2,3,-1,0,0,0,2,3,-1,0,0,12.7276730537
pool,137,3,518,162,0,118,33,0,207,77,0,193,71,0,2,4,-1,0,0,0,2,4,-1,0,0,3,75,67,0,7,9,0,56,42,0,12,33,0,2,4,-1,0,0,0,2,4,-1,0,0,13.2275979519
deadlock,9,5,29,7,0,13,7,0,8,7,0,8,6,1,2,5,-1,0,0,0,1,4,0,1,4,1,6,5,-1,0,0,0,2,4,0,4,5,2,6,6,-1,0,0,0,4,6,0,2,4,0.96141409874
