# Options: --keepunused --dodsnsmt --runsmtanalysistype=binarysearch --smtmultithread=allthreads --smtcalcstats --hazardsensitiveraw --toposortinput --nointrathreadhazard
# Format: Benchmark,Trace,Initial-CSs,Initial-Stmts,Initial-Vars,Init0-CSs,Init0-Stmts,Init0-Vars,Init1-CSs,Init1-Stmts,Init1-Vars,Init2-CSs,Init2-Stmts,Init2-Vars,Reduced-CSs,Reduced-Stmts,Reduced-Vars,slice0-CSs,slice0-Stmts,slice0-Vars,slice1-CSs,slice1-Stmts,slice1-Vars,slice2-CSs,slice2-Stmts,slice2-Vars,Time[s]
apache1,353,4,110,57,0,59,35,0,29,21,0,22,15,2,8,8,0,1,1,0,5,8,0,2,4,0.362093925476
apache1,185,4,120,61,0,59,35,0,19,15,0,42,26,2,9,7,0,3,3,0,2,6,0,4,6,0.401940107346
apache1,117,4,110,57,0,59,35,0,17,13,0,34,20,4,6,6,0,1,1,0,2,5,0,3,5,0.313027858734
apache1,425,4,120,61,0,59,35,0,40,26,0,21,13,4,9,7,0,3,3,0,3,6,0,3,6,0.406806945801
apache1,187,2,100,53,0,59,35,0,17,12,0,24,14,2,6,6,0,1,1,0,2,4,0,3,4,0.325788974762
apache1,179,8,124,61,0,59,35,0,21,21,0,44,30,1,6,6,0,1,1,-1,0,0,0,5,6,0.334482192993
apache1,330,8,140,69,0,59,35,0,37,28,0,44,32,4,7,7,0,2,2,0,2,6,0,3,6,0.387701034546
apache1,223,7,137,69,0,59,35,0,38,26,0,40,29,2,8,6,0,1,1,0,5,5,0,2,4,0.371644020081
apache1,116,8,124,61,0,59,35,0,19,20,0,46,33,4,6,6,0,1,1,0,2,5,0,3,5,0.343292951584
apache1,221,6,137,69,0,59,35,0,40,28,0,38,26,3,6,6,0,1,1,0,2,5,0,3,6,0.343302965164
apache1,279,4,120,61,0,59,35,0,20,16,0,41,26,3,7,6,0,1,1,0,1,5,0,5,6,0.363274097443
apache1,376,5,110,57,0,59,35,0,32,21,0,19,13,3,6,6,0,1,1,0,3,5,0,2,5,0.322619915009
apache1,422,4,120,61,0,59,35,0,40,26,0,21,13,4,9,7,0,3,3,0,3,6,0,3,6,0.405413866043
apache1,147,6,120,61,0,59,35,0,20,16,0,41,27,4,7,7,0,2,2,0,2,6,0,3,6,0.358392000198
apache1,398,5,137,69,0,59,35,0,38,25,0,40,26,3,7,6,0,1,1,0,5,6,0,1,5,0.37246799469
apache1,131,3,107,57,0,59,35,0,19,14,0,29,22,2,5,5,0,1,1,0,2,4,0,2,5,0.293502092361
apache1,188,3,100,53,0,59,35,0,22,14,0,19,12,3,7,6,0,2,2,0,3,5,0,2,5,0.317400932312
apache1,108,5,110,57,0,59,35,0,17,14,0,34,21,2,9,9,0,2,2,0,1,3,0,6,8,0.374535083771
apache1,307,8,110,57,0,59,35,0,22,17,0,29,20,3,10,9,0,2,2,0,3,7,0,5,8,0.408952951431
apache1,420,4,110,57,0,59,35,0,29,19,0,22,13,4,9,7,0,3,3,0,3,6,0,3,6,0.396229982376
apache1,244,6,120,61,0,59,35,0,26,18,0,35,21,2,6,6,0,1,1,0,2,4,0,3,4,0.340518951416
apache1,306,4,110,57,0,59,35,0,22,16,0,29,19,3,7,7,0,2,2,0,3,7,0,2,6,0.338975906372
apache1,386,6,120,61,0,59,35,0,21,16,0,40,25,4,9,7,0,2,2,0,2,7,0,5,6,0.428098917007
apache1,354,6,141,69,0,59,35,0,38,28,0,44,31,2,6,6,0,1,1,0,3,6,0,2,4,0.379009962082
apache1,233,6,120,61,0,59,35,0,32,23,0,29,19,3,10,10,0,2,3,0,2,7,0,6,8,0.432523012161
apache1,247,6,109,57,0,59,35,0,16,15,0,34,22,5,9,9,0,2,3,0,3,7,0,4,5,0.393865823746
apache1,340,8,120,61,0,59,35,0,28,20,0,33,21,8,11,10,0,2,3,0,4,7,0,5,8,0.450347900391
apache1,141,6,110,57,0,59,35,0,19,15,0,32,20,4,8,8,0,1,1,0,2,6,0,5,7,0.369475126266
apache1,351,6,110,57,0,59,35,0,27,21,0,24,15,4,7,6,0,1,1,0,3,6,0,3,5,0.380378961563
apache1,157,4,120,61,0,59,35,0,28,19,0,33,21,4,9,7,0,2,2,0,3,6,0,4,6,0.400567054749
apache1,407,4,99,53,0,59,35,0,18,17,0,22,14,4,6,8,0,1,1,0,2,7,0,3,5,0.317615032196
apache1,362,3,120,61,0,59,35,0,42,28,0,19,14,2,6,6,0,1,1,0,2,4,0,3,6,0.345216989517
apache1,358,9,137,69,0,59,35,0,39,29,0,39,29,5,8,6,0,1,1,0,5,6,0,2,5,0.398890972137
apache1,273,7,120,61,0,59,35,0,33,22,0,28,18,7,11,10,0,3,4,0,4,7,0,4,8,0.454341173172
apache1,144,4,110,57,0,59,35,0,20,15,0,31,19,4,9,7,0,3,3,0,3,7,0,3,6,0.381718873978
apache1,339,8,120,61,0,59,35,0,28,20,0,33,21,8,11,10,0,2,3,0,4,7,0,5,8,0.451972007751
apache1,203,5,110,57,0,59,35,0,22,16,0,29,19,2,8,8,0,1,1,0,2,4,0,5,8,0.355106115341
apache1,283,4,124,61,0,59,35,0,21,16,0,44,29,3,7,6,0,1,1,0,2,5,0,4,6,0.363003015518
apache1,17,4,120,61,0,59,35,0,27,19,0,34,22,4,8,6,0,1,1,0,4,6,0,3,5,0.369501829147
apache1,47,8,124,65,0,59,35,0,41,30,0,24,22,4,6,6,0,1,1,0,3,6,0,2,4,0.356880903244
apache1,246,6,120,61,0,59,35,0,27,19,0,34,23,4,9,7,0,2,2,0,4,7,0,3,6,0.598657131195
apache1,378,3,110,57,0,59,35,0,30,20,0,21,14,3,8,6,0,2,2,0,3,5,0,3,6,0.365942955017
apache1,408,4,99,53,0,59,35,0,18,15,0,22,13,3,6,6,0,2,2,0,1,4,0,3,5,0.319021940231
apache1,49,7,120,61,0,59,35,0,31,21,0,30,21,4,6,6,0,1,1,0,3,5,0,2,5,0.347066879272
apache1,412,4,120,61,0,59,35,0,38,27,0,23,16,2,7,7,0,2,2,0,1,3,0,4,6,0.35701584816
apache1,110,4,110,57,0,59,35,0,17,13,0,34,21,4,7,7,0,2,2,0,2,6,0,3,6,0.362017154694
apache1,341,6,120,61,0,59,35,0,27,19,0,34,22,6,9,9,0,2,3,0,4,8,0,3,5,0.400421142578
apache1,281,4,124,61,0,59,35,0,20,15,0,45,29,3,7,6,0,1,1,0,2,5,0,4,6,0.347599029541
apache1,404,4,94,51,0,59,35,0,13,13,0,22,13,3,6,8,0,2,2,0,1,6,0,3,5,0.304775953293
apache1,367,3,124,61,0,59,35,0,46,31,0,19,14,2,6,6,0,1,1,0,2,4,0,3,6,0.33568406105
apache1,109,4,110,57,0,59,35,0,17,13,0,34,21,4,7,6,0,1,1,0,3,6,0,3,5,0.350529909134
apache1,308,7,124,61,0,59,35,0,21,20,0,44,31,5,7,7,0,2,2,0,2,6,0,3,7,0.364628076553
apache1,295,6,110,57,0,59,35,0,22,16,0,29,20,5,10,9,0,2,2,0,4,7,0,4,8,0.396748065948
apache1,415,4,124,61,0,59,35,0,44,29,0,21,13,4,9,7,0,3,3,0,3,6,0,3,6,0.385663986206
apache1,250,8,140,69,0,59,35,0,36,27,0,45,32,2,6,6,0,1,1,0,3,6,0,2,4,0.338400840759
apache1,207,5,140,69,0,59,35,0,39,30,0,42,29,2,6,6,0,1,1,0,2,4,0,3,6,0.341289997101
apache1,83,3,97,53,0,59,35,0,20,14,0,18,15,2,5,5,0,1,1,0,2,4,0,2,5,0.276433944702
apache1,342,6,120,61,0,59,35,0,28,19,0,33,21,6,9,9,0,2,3,0,4,8,0,3,5,0.410084009171
apache1,158,4,109,57,0,59,35,0,17,15,0,33,20,3,6,6,0,1,1,0,1,4,0,4,5,0.312688112259
apache1,270,9,120,61,0,59,35,0,31,23,0,30,21,3,7,7,0,2,2,0,3,7,0,2,6,0.382245063782
apache1,160,3,110,57,0,59,35,0,17,14,0,34,20,2,9,7,0,3,3,0,1,4,0,5,6,0.415990114212
apache1,241,8,144,69,0,59,35,0,40,30,0,45,32,2,6,6,0,1,1,0,3,6,0,2,4,0.377559900284
apache1,267,9,120,61,0,59,35,0,33,23,0,28,20,8,11,10,0,2,3,0,4,8,0,5,8,0.495226860046
apache1,417,4,110,57,0,59,35,0,29,21,0,22,15,4,9,9,0,2,2,0,4,8,0,3,6,0.367818832397
apache1,76,5,92,51,0,59,35,0,20,16,0,13,13,3,6,8,0,2,2,0,3,5,0,1,6,0.32805109024
apache1,421,6,120,61,0,59,35,0,39,28,0,22,17,4,7,7,0,2,2,0,2,7,0,3,6,0.372372865677
apache1,290,4,110,57,0,59,35,0,22,16,0,29,19,3,7,7,0,2,2,0,3,7,0,2,6,0.334060907364
apache1,204,5,110,57,0,59,35,0,22,15,0,29,19,5,9,7,0,2,2,0,4,7,0,3,6,0.374161958694
apache1,287,6,110,57,0,59,35,0,21,15,0,30,20,2,7,6,0,1,1,0,4,5,0,2,4,0.320964097977
apache1,418,6,110,57,0,59,35,0,28,21,0,23,17,4,7,7,0,2,2,0,3,7,0,2,6,0.358304023743
apache1,344,6,109,57,0,59,35,0,16,15,0,34,21,5,9,9,0,2,3,0,2,7,0,5,5,0.376899003983
apache1,77,5,100,53,0,59,35,0,22,14,0,19,12,5,9,7,0,3,3,0,4,7,0,2,5,0.370444059372
apache1,384,7,110,57,0,59,35,0,30,22,0,21,14,6,7,6,0,1,1,0,3,5,0,3,6,0.34853219986
apache1,296,5,97,53,0,59,35,0,22,15,0,16,15,5,6,8,0,1,1,0,3,5,0,2,7,0.298040866852
apache1,350,4,124,61,0,59,35,0,42,30,0,23,16,2,6,6,0,1,1,0,1,2,0,4,5,0.322351932526
apache1,155,4,110,57,0,59,35,0,17,14,0,34,20,4,8,6,0,2,2,0,2,6,0,4,5,0.363144159317
apache1,338,8,120,61,0,59,35,0,27,20,0,34,23,6,10,9,0,2,3,0,5,8,0,3,5,0.43269610405
apache1,216,9,120,61,0,59,35,0,32,23,0,29,21,6,8,6,0,1,1,0,3,5,0,4,6,0.382839918137
apache1,352,4,110,57,0,59,35,0,27,20,0,24,15,4,6,6,0,1,1,0,2,6,0,3,5,0.315316915512
apache1,366,6,120,61,0,59,35,0,40,28,0,21,15,2,7,6,0,1,1,0,1,4,0,5,6,0.350659132004
apache1,304,6,110,57,0,59,35,0,22,16,0,29,20,5,10,9,0,2,2,0,4,7,0,4,8,0.422898054123
apache1,385,5,110,57,0,59,35,0,32,22,0,19,13,4,6,6,0,1,1,0,3,5,0,2,5,0.314013004303
apache1,214,7,120,61,0,59,35,0,33,23,0,28,18,5,9,7,0,2,2,0,3,7,0,4,6,0.392404079437
apache1,294,6,110,57,0,59,35,0,22,16,0,29,20,5,9,9,0,2,2,0,4,7,0,3,8,0.402557134628
apache1,369,8,124,61,0,59,35,0,45,31,0,20,15,4,9,7,0,2,2,0,3,7,0,4,6,0.414309024811
apache1,209,7,144,69,0,59,35,0,41,31,0,44,32,2,6,6,0,1,1,0,2,4,0,3,6,0.467132091522
apache1,85,3,100,53,0,59,35,0,22,14,0,19,12,2,6,6,0,1,1,0,3,4,0,2,4,0.323487043381
apache1,16,5,120,61,0,59,35,0,32,20,0,29,20,3,9,7,0,2,2,0,5,7,0,2,5,0.371575832367
apache1,148,5,120,61,0,59,35,0,20,19,0,41,28,2,6,6,0,1,1,0,3,6,0,2,4,0.323496103287
apache1,182,4,120,61,0,59,35,0,17,18,0,44,28,2,9,7,0,3,3,0,1,4,0,5,6,0.377343893051
apache1,363,4,120,61,0,59,35,0,42,28,0,19,15,2,6,6,0,1,1,0,2,5,0,3,6,0.320911884308
apache1,288,6,110,57,0,59,35,0,21,16,0,30,20,2,7,6,0,1,1,0,3,5,0,3,6,0.329071998596
apache1,51,4,102,55,0,59,35,0,32,21,0,11,13,2,8,9,0,2,3,0,4,5,0,2,7,0.3832051754
apache1,156,4,110,57,0,59,35,0,20,15,0,31,20,3,9,7,0,3,3,0,4,7,0,2,6,0.367737054825
apache1,383,5,110,57,0,59,35,0,30,21,0,21,14,4,6,6,0,1,1,0,3,5,0,2,5,0.311912059784
apache1,309,6,120,61,0,59,35,0,21,16,0,40,26,4,7,7,0,2,2,0,2,7,0,3,6,0.362024068832
apache1,419,4,110,57,0,59,35,0,30,22,0,21,16,4,9,9,0,2,2,0,5,9,0,2,6,0.390699148178
apache1,252,8,144,69,0,59,35,0,40,30,0,45,32,2,6,6,0,1,1,0,3,6,0,2,4,0.363801002502
apache1,297,7,110,57,0,59,35,0,21,16,0,30,20,4,8,8,0,1,1,0,2,5,0,5,8,0.356473207474
apache1,50,4,107,57,0,59,35,0,32,21,0,16,15,2,6,6,0,1,1,0,3,5,0,2,5,0.304475069046
apache1,75,5,97,53,0,59,35,0,20,16,0,18,15,3,6,6,0,2,2,0,3,5,0,1,4,0.305963039398
apache1,289,6,110,57,0,59,35,0,21,16,0,30,20,2,7,6,0,1,1,0,3,5,0,3,6,0.345185041428
apache1,114,6,120,61,0,59,35,0,19,19,0,42,29,4,7,6,0,1,1,0,3,6,0,3,5,0.393968105316
apache1,217,7,120,61,0,59,35,0,32,23,0,29,19,5,9,7,0,2,2,0,3,7,0,4,6,0.370180130005
apache1,426,4,109,57,0,59,35,0,29,22,0,21,13,3,6,6,0,2,2,0,1,4,0,3,5,0.323598861694
apache1,234,9,120,61,0,59,35,0,32,23,0,29,21,6,8,6,0,1,1,0,3,5,0,4,6,0.371706008911
apache1,423,4,109,57,0,59,35,0,29,22,0,21,13,3,6,6,0,2,2,0,1,4,0,3,5,0.344452857971
apache1,403,6,141,69,0,59,35,0,37,26,0,45,32,4,7,7,0,2,2,0,2,7,0,3,6,0.386032819748
apache1,364,8,120,61,0,59,35,0,41,28,0,20,15,4,9,7,0,2,2,0,3,7,0,4,6,0.404855966568
apache1,424,4,120,61,0,59,35,0,38,27,0,23,16,2,7,7,0,2,2,0,1,3,0,4,6,0.356861114502
apache1,159,4,104,55,0,59,35,0,12,13,0,33,20,3,8,9,0,2,3,0,1,6,0,5,5,0.37008690834
apache1,212,7,120,61,0,59,35,0,31,21,0,30,19,2,6,6,0,1,1,0,3,4,0,2,4,0.316303014755
apache1,393,6,110,57,0,59,35,0,22,16,0,29,20,5,10,9,0,2,2,0,4,7,0,4,8,0.435601949692
apache1,128,5,140,69,0,59,35,0,42,33,0,39,28,3,6,6,0,1,1,0,2,5,0,3,6,0.372632026672
apache1,269,7,120,61,0,59,35,0,32,22,0,29,19,6,9,9,0,2,3,0,3,5,0,4,8,0.40259885788
apache1,272,9,120,61,0,59,35,0,33,24,0,28,19,5,11,10,0,3,4,0,3,7,0,5,8,0.443985939026
apache1,52,3,120,61,0,59,35,0,30,19,0,31,20,2,8,6,0,1,1,0,5,5,0,2,4,0.354429006577
apache1,274,7,144,69,0,59,35,0,39,32,0,46,31,5,8,7,0,2,2,0,3,7,0,3,6,0.40226316452
apache1,71,4,124,61,0,59,35,0,19,14,0,46,29,4,9,7,0,3,3,0,3,7,0,3,6,0.423635005951
apache1,349,4,120,61,0,59,35,0,38,27,0,23,16,2,6,6,0,1,1,0,1,2,0,4,5,0.336031913757
apache1,70,4,110,57,0,59,35,0,20,15,0,31,20,3,10,7,0,3,3,0,4,7,0,3,6,0.428536176682
apache1,371,6,124,61,0,59,35,0,44,31,0,21,15,2,7,6,0,1,1,0,1,4,0,5,6,0.372156143188
apache1,301,8,110,57,0,59,35,0,22,17,0,29,20,3,10,9,0,2,2,0,3,7,0,5,8,0.383225917816
apache1,328,9,140,69,0,59,35,0,40,30,0,41,27,3,7,6,0,1,1,0,5,6,0,1,5,0.363495111465
apache1,343,7,120,61,0,59,35,0,26,20,0,35,23,4,7,7,0,2,2,0,2,7,0,3,6,0.339679956436
apache1,392,7,110,57,0,59,35,0,22,16,0,29,19,5,9,9,0,2,2,0,3,7,0,4,8,0.398739099503
apache1,286,5,110,57,0,59,35,0,21,15,0,30,19,4,7,6,0,1,1,0,3,5,0,3,5,0.375025987625
apache1,72,8,120,61,0,59,35,0,21,20,0,40,27,4,10,7,0,3,3,0,2,7,0,5,6,0.441013097763
apache1,391,4,110,57,0,59,35,0,22,16,0,29,19,3,7,7,0,2,2,0,3,7,0,2,6,0.32930803299
apache1,402,7,141,69,0,59,35,0,39,27,0,43,31,3,7,6,0,1,1,0,5,6,0,1,5,0.385339021683
apache1,291,7,110,57,0,59,35,0,22,16,0,29,19,5,9,9,0,2,2,0,3,7,0,4,8,0.400025129318
apache1,379,5,110,57,0,59,35,0,31,22,0,20,14,5,7,6,0,1,1,0,3,6,0,3,6,0.338332891464
apache1,248,6,120,61,0,59,35,0,28,20,0,33,22,6,8,6,0,1,1,0,4,6,0,3,5,0.372805118561
apache1,265,9,120,61,0,59,35,0,33,24,0,28,20,6,10,9,0,2,3,0,3,5,0,5,8,0.427617073059
apache1,143,4,110,57,0,59,35,0,19,14,0,32,19,2,6,6,0,1,1,0,3,6,0,2,4,0.331223964691
apache1,112,4,124,61,0,59,35,0,17,14,0,48,31,4,7,6,0,1,1,0,3,6,0,3,5,0.35680103302
apache1,413,4,120,61,0,59,35,0,40,26,0,21,13,4,9,7,0,3,3,0,3,6,0,3,6,0.407273054123
apache1,235,6,120,61,0,59,35,0,27,19,0,34,23,4,9,9,0,2,3,0,5,8,0,2,5,0.365793943405
apache1,416,4,110,57,0,59,35,0,29,20,0,22,15,4,8,7,0,2,2,0,3,6,0,3,6,0.37216091156
apache1,305,5,97,53,0,59,35,0,22,15,0,16,15,5,6,8,0,1,1,0,3,5,0,2,7,0.300359964371
apache1,186,4,100,53,0,59,35,0,17,12,0,24,14,4,9,7,0,3,3,0,2,6,0,4,6,0.381393909454
apache1,205,3,124,61,0,59,35,0,21,15,0,44,29,2,6,6,0,1,1,0,4,5,0,1,2,0.355036020279
apache1,236,6,120,61,0,59,35,0,28,20,0,33,22,6,8,6,0,1,1,0,4,6,0,3,5,0.381190061569
apache1,337,8,120,61,0,59,35,0,27,20,0,34,23,6,10,9,0,2,3,0,5,8,0,3,5,0.430645942688
apache1,206,4,120,61,0,59,35,0,21,19,0,40,28,2,7,6,0,1,1,0,4,5,0,2,4,0.362403154373
apache1,400,6,137,69,0,59,35,0,36,26,0,42,28,4,7,7,0,2,2,0,2,7,0,3,6,0.372720003128
apache1,347,8,144,69,0,59,35,0,41,31,0,44,32,4,7,7,0,2,2,0,2,6,0,3,6,0.378973960876
apache1,277,4,120,61,0,59,35,0,20,15,0,41,26,3,7,6,0,1,1,0,2,5,0,4,6,0.35458111763
apache1,380,4,110,57,0,59,35,0,32,22,0,19,14,3,9,9,0,2,2,0,6,9,0,1,4,0.380657196045
apache1,140,4,120,61,0,59,35,0,29,19,0,32,20,4,8,7,0,2,2,0,3,6,0,3,6,0.357754945755
apache1,145,5,124,61,0,59,35,0,20,20,0,45,32,5,7,7,0,2,2,0,2,6,0,3,7,0.365156888962
apache1,335,8,140,69,0,59,35,0,37,28,0,44,32,4,7,7,0,2,2,0,2,6,0,3,6,0.37068104744
apache1,401,5,141,69,0,59,35,0,38,25,0,44,29,3,7,6,0,1,1,0,5,6,0,1,5,0.359436988831
apache1,357,6,137,69,0,59,35,0,38,28,0,40,28,2,6,6,0,1,1,0,3,6,0,2,4,0.35865187645
apache1,243,6,120,61,0,59,35,0,26,19,0,35,23,4,10,9,0,2,3,0,5,8,0,3,5,0.411111831665
apache1,389,6,124,61,0,59,35,0,22,16,0,43,29,4,8,7,0,2,2,0,3,7,0,3,6,0.389127969742
apache1,271,6,107,57,0,59,35,0,33,22,0,15,14,4,9,9,0,2,3,0,4,5,0,3,7,0.407655000687
apache1,390,7,110,57,0,59,35,0,21,16,0,30,19,4,7,6,0,1,1,0,2,5,0,4,6,0.333667039871
apache1,377,6,110,57,0,59,35,0,31,23,0,20,15,3,9,7,0,2,2,0,4,7,0,3,6,0.371824979782
apache1,374,5,110,57,0,59,35,0,31,23,0,20,14,4,7,6,0,1,1,0,3,5,0,3,6,0.365253925323
apache1,382,4,110,57,0,59,35,0,33,23,0,18,14,3,7,7,0,2,2,0,4,7,0,1,3,0.357792139053
apache1,211,7,120,61,0,59,35,0,33,23,0,28,19,4,10,9,0,2,3,0,3,5,0,5,8,0.407135009766
apache1,414,4,124,61,0,59,35,0,42,30,0,23,16,2,7,7,0,2,2,0,1,3,0,4,6,0.334755897522
apache1,106,4,100,53,0,59,35,0,17,12,0,24,14,4,7,6,0,2,2,0,2,5,0,3,5,0.317574977875
apache1,249,6,120,61,0,59,35,0,28,20,0,33,23,4,9,7,0,2,2,0,4,7,0,3,6,0.374927043915
apache1,255,8,140,69,0,59,35,0,36,27,0,45,32,2,6,6,0,1,1,0,3,6,0,2,4,0.341723918915
apache1,275,9,140,69,0,59,35,0,40,32,0,41,29,5,8,7,0,2,2,0,3,7,0,3,6,0.388188838959
apache1,336,4,120,61,0,59,35,0,38,27,0,23,16,2,6,6,0,1,1,0,1,2,0,4,5,0.325632095337
apache1,332,9,144,69,0,59,35,0,40,30,0,45,30,3,7,6,0,1,1,0,5,6,0,1,5,0.405178070068
apache1,368,4,124,61,0,59,35,0,46,31,0,19,15,2,6,6,0,1,1,0,2,5,0,3,6,0.35218501091
apache1,266,8,120,61,0,59,35,0,29,22,0,32,21,7,10,9,0,1,1,0,4,8,0,5,8,0.425307035446
apache1,115,8,120,61,0,59,35,0,19,20,0,42,30,4,6,6,0,1,1,0,2,5,0,3,5,0.347388029099
apache1,113,6,120,61,0,59,35,0,19,19,0,42,29,4,7,7,0,2,2,0,2,6,0,3,6,0.36682009697
apache1,81,3,107,57,0,59,35,0,19,14,0,29,22,2,5,5,0,1,1,0,2,4,0,2,5,0.300050973892
apache1,84,3,92,51,0,59,35,0,20,14,0,13,13,2,5,7,0,1,1,0,2,4,0,2,7,0.283977031708
apache1,220,11,141,69,0,59,35,0,38,28,0,44,34,2,8,6,0,1,1,0,4,5,0,3,5,0.396481990814
apache1,375,5,110,57,0,59,35,0,33,23,0,18,14,4,6,6,0,1,1,0,3,5,0,2,6,0.318985939026
apache1,218,8,141,69,0,59,35,0,40,30,0,42,30,3,6,6,0,1,1,0,2,5,0,3,6,0.359855890274
apache1,111,8,124,61,0,59,35,0,19,20,0,46,34,4,7,7,0,2,2,0,2,6,0,3,6,0.380877971649
apache1,346,6,120,61,0,59,35,0,27,19,0,34,22,6,11,10,0,3,4,0,4,9,0,4,6,0.44454407692
apache1,293,6,110,57,0,59,35,0,22,16,0,29,20,5,9,9,0,2,2,0,4,7,0,3,8,0.366099119186
apache1,239,8,140,69,0,59,35,0,36,27,0,45,32,2,6,6,0,1,1,0,3,6,0,2,4,0.369310855865
apache1,172,5,144,69,0,59,35,0,42,33,0,43,31,3,6,6,0,1,1,0,2,5,0,3,6,0.373893022537
apache1,213,7,120,61,0,59,35,0,32,23,0,29,19,4,10,10,0,2,3,0,3,8,0,5,8,0.402700901031
apache1,370,4,124,61,0,59,35,0,44,30,0,21,15,2,8,6,0,2,2,0,2,5,0,4,6,0.378739118576
apache1,381,6,110,57,0,59,35,0,31,23,0,20,15,5,8,7,0,2,2,0,4,7,0,2,6,0.366554021835
apache1,365,6,120,61,0,59,35,0,42,29,0,19,15,2,8,6,0,2,2,0,2,5,0,4,6,0.448772907257
apache1,292,7,110,57,0,59,35,0,22,16,0,29,19,5,9,9,0,2,2,0,3,7,0,4,8,0.400048971176
apache1,280,6,120,61,0,59,35,0,21,16,0,40,26,4,7,7,0,2,2,0,2,7,0,3,6,0.362287044525
apache1,176,3,107,57,0,59,35,0,19,14,0,29,22,2,5,5,0,1,1,0,2,4,0,2,5,0.305060148239
apache1,78,3,110,57,0,59,35,0,20,14,0,31,19,2,8,6,0,2,2,0,2,4,0,4,6,0.35525393486
apache1,215,6,107,57,0,59,35,0,33,22,0,15,14,4,10,10,0,2,3,0,4,9,0,4,7,0.418401956558
apache1,142,5,110,57,0,59,35,0,19,15,0,32,20,2,9,9,0,2,2,0,1,3,0,6,8,0.3998670578
apache1,245,6,120,61,0,59,35,0,28,19,0,33,22,4,9,9,0,2,3,0,5,8,0,2,5,0.381505012512
apache1,409,4,113,57,0,59,35,0,33,25,0,21,13,3,6,6,0,2,2,0,1,4,0,3,5,0.351496934891
apache1,331,4,120,61,0,59,35,0,38,27,0,23,16,2,6,6,0,1,1,0,1,2,0,4,5,0.336467981339
apache1,175,6,107,57,0,59,35,0,19,17,0,29,23,2,6,6,0,2,2,0,2,5,0,2,5,0.335354089737
apache1,107,6,110,57,0,59,35,0,17,14,0,34,21,4,8,8,0,1,1,0,2,6,0,5,7,0.356766939163
apache1,298,8,110,57,0,59,35,0,21,16,0,30,21,2,8,8,0,1,1,0,3,5,0,4,8,0.359971046448
apache1,299,6,110,57,0,59,35,0,22,16,0,29,20,2,8,8,0,1,1,0,3,5,0,4,8,0.35359287262
apache1,303,6,144,69,0,59,35,0,41,32,0,44,30,5,7,6,0,1,1,0,2,5,0,4,6,0.406536102295
apache1,264,8,120,61,0,59,35,0,32,23,0,29,20,5,10,9,0,2,3,0,2,5,0,6,8,0.437657833099
apache1,348,8,140,69,0,59,35,0,37,30,0,44,28,4,7,7,0,2,2,0,2,7,0,3,6,0.388921976089
apache1,285,7,124,61,0,59,35,0,21,20,0,44,31,5,7,7,0,2,2,0,2,6,0,3,7,0.360888957977
apache1,373,5,110,57,0,59,35,0,32,22,0,19,14,5,8,8,0,1,1,0,5,8,0,2,6,0.38809299469
apache1,184,4,120,61,0,59,35,0,17,18,0,44,28,2,8,6,0,2,2,0,1,3,0,5,5,0.355563879013
apache1,300,6,110,57,0,59,35,0,22,16,0,29,20,2,8,8,0,1,1,0,3,5,0,4,8,0.345993041992
apache1,394,5,97,53,0,59,35,0,22,15,0,16,15,5,6,8,0,1,1,0,3,5,0,2,7,0.33238196373
apache1,268,6,120,61,0,59,35,0,32,23,0,29,19,5,9,9,0,2,3,0,2,5,0,5,8,0.405408143997
apache1,399,9,137,69,0,59,35,0,38,29,0,40,28,3,7,6,0,1,1,0,4,6,0,2,5,0.36819601059
apache1,411,4,109,57,0,59,35,0,29,22,0,21,13,3,6,6,0,2,2,0,1,4,0,3,5,0.31732916832
apache1,345,8,120,61,0,59,35,0,27,20,0,34,24,4,11,10,0,3,4,0,5,9,0,3,6,0.459875106812
apache1,282,4,124,61,0,59,35,0,20,16,0,45,30,3,7,6,0,1,1,0,2,5,0,4,6,0.359531879425
apache1,372,3,110,57,0,59,35,0,31,21,0,20,14,2,6,6,0,1,1,0,2,4,0,3,6,0.314262866974
apache1,334,8,144,69,0,59,35,0,41,31,0,44,32,4,7,7,0,2,2,0,2,6,0,3,6,0.388706922531
apache2,22,4,171,90,0,65,38,0,16,17,0,90,58,0,4,7,-1,0,0,0,4,7,-1,0,0,0.329092025757
apache2,17,4,102,55,0,65,38,0,21,18,0,16,12,0,4,7,-1,0,0,0,4,7,-1,0,0,0.258734941483
apache2,18,3,78,43,0,65,38,0,8,7,0,5,7,3,7,7,0,1,1,0,3,5,0,3,7,0.332163095474
apache2,16,2,78,43,0,65,38,0,6,5,0,7,7,2,6,7,0,1,1,0,1,2,0,4,7,0.313155889511
apache2,19,4,171,90,0,65,38,0,14,13,0,92,61,3,6,7,0,1,1,0,1,4,0,4,7,0.403536081314
apache2,21,4,171,90,0,65,38,0,94,61,0,12,15,2,6,7,0,1,1,0,1,2,0,4,7,0.401513814926
apache2,20,4,171,90,0,65,38,0,90,58,0,16,17,0,4,7,-1,0,0,-1,0,0,0,4,7,0.341350078583
apache2,15,5,102,55,0,65,38,0,17,15,0,20,19,3,6,7,0,1,1,0,4,7,0,1,4,0.311892032623
bankaccount,17,6,99,22,0,37,16,0,36,14,0,26,12,2,11,12,0,5,5,0,6,12,-1,0,0,0.503204107285
bankaccount,18,7,99,22,0,37,16,0,36,14,0,26,12,2,8,10,0,4,4,-1,0,0,0,4,9,0.385201931
bankaccount,16,6,99,22,0,37,16,0,36,14,0,26,12,2,11,12,0,5,5,0,6,12,-1,0,0,0.490720033646
bankaccount,19,6,98,22,0,37,16,0,36,14,0,25,11,2,11,12,0,5,5,0,6,12,-1,0,0,0.525139808655
bankaccount,5,5,98,22,0,37,16,0,35,13,0,26,12,2,8,10,0,4,4,-1,0,0,0,4,9,0.385279893875
bluetooth,6,5,21,10,0,10,8,0,5,6,0,6,6,1,2,4,-1,0,0,0,1,3,0,1,2,0.207312107086
pool,131,4,518,162,0,118,33,0,182,71,0,218,77,0,2,3,-1,0,0,-1,0,0,0,2,3,0.534553050995
pool,137,3,518,162,0,118,33,0,207,77,0,193,71,0,2,4,-1,0,0,0,2,4,-1,0,0,0.534013032913
pool,130,4,518,162,0,118,33,0,182,71,0,218,77,0,2,4,-1,0,0,-1,0,0,0,2,4,0.54699587822
pool,143,4,471,147,0,118,33,0,182,71,0,171,62,0,2,4,-1,0,0,-1,0,0,0,2,4,0.474987030029
pool,152,3,471,147,0,118,33,0,160,62,0,193,71,0,2,3,-1,0,0,0,2,3,-1,0,0,0.47213602066
pool,138,3,518,162,0,118,33,0,207,77,0,193,71,0,2,3,-1,0,0,0,2,3,-1,0,0,0.53820681572
pool,149,3,471,147,0,118,33,0,160,62,0,193,71,0,2,4,-1,0,0,0,2,4,-1,0,0,0.473146915436
pool,146,4,471,147,0,118,33,0,182,71,0,171,62,0,2,3,-1,0,0,-1,0,0,0,2,3,0.483309030533
deadlock,9,5,29,7,0,13,7,0,8,7,0,8,6,4,5,6,0,1,2,0,2,6,0,2,4,0.251518964767
