# Options: --keepunused --dodsnsmt --runsmtanalysistype=binarysearch --smtmultithread=allthreads --smtcalcstats --hazardsensitivewar --toposortinput --nointrathreadhazard
# Format: Benchmark,Trace,Initial-CSs,Initial-Stmts,Initial-Vars,Init0-CSs,Init0-Stmts,Init0-Vars,Init1-CSs,Init1-Stmts,Init1-Vars,Init2-CSs,Init2-Stmts,Init2-Vars,Reduced-CSs,Reduced-Stmts,Reduced-Vars,slice0-CSs,slice0-Stmts,slice0-Vars,slice1-CSs,slice1-Stmts,slice1-Vars,slice2-CSs,slice2-Stmts,slice2-Vars,Time[s]
apache1,353,4,110,57,0,59,35,0,29,21,0,22,15,4,9,9,0,1,1,0,5,8,0,3,6,0.382441043854
apache1,185,4,120,61,0,59,35,0,19,15,0,42,26,2,6,6,0,1,1,0,1,5,0,4,6,0.332334041595
apache1,117,4,110,57,0,59,35,0,17,13,0,34,20,4,7,7,0,1,1,0,2,5,0,4,6,0.348771095276
apache1,425,4,120,61,0,59,35,0,40,26,0,21,13,4,9,7,0,3,3,0,3,6,0,3,6,0.359457969666
apache1,187,2,100,53,0,59,35,0,17,12,0,24,14,2,6,6,0,1,1,0,2,4,0,3,4,0.291160821915
apache1,179,8,124,61,0,59,35,0,21,21,0,44,30,3,7,7,0,1,1,0,1,5,0,5,6,0.353023052216
apache1,330,8,140,69,0,59,35,0,37,28,0,44,32,4,7,7,0,2,2,0,2,6,0,3,6,0.347414970398
apache1,223,7,137,69,0,59,35,0,38,26,0,40,29,2,9,7,0,1,1,0,5,5,0,3,6,0.373615980148
apache1,116,8,124,61,0,59,35,0,19,20,0,46,33,4,7,7,0,1,1,0,2,5,0,4,6,0.339723110199
apache1,221,6,137,69,0,59,35,0,40,28,0,38,26,3,7,7,0,1,1,0,3,6,0,3,6,0.353878974915
apache1,279,4,120,61,0,59,35,0,20,16,0,41,26,3,7,7,0,1,1,0,2,6,0,4,6,0.336019039154
apache1,376,5,110,57,0,59,35,0,32,21,0,19,13,5,7,7,0,1,1,0,4,7,0,2,5,0.33366894722
apache1,422,4,120,61,0,59,35,0,40,26,0,21,13,4,9,7,0,3,3,0,3,6,0,3,6,0.395849943161
apache1,147,6,120,61,0,59,35,0,20,16,0,41,27,4,7,7,0,2,2,0,2,6,0,3,6,0.3566198349
apache1,398,5,137,69,0,59,35,0,38,25,0,40,26,3,7,7,0,1,1,0,4,6,0,2,6,0.365601062775
apache1,131,3,107,57,0,59,35,0,19,14,0,29,22,2,5,5,0,1,1,0,2,4,0,2,5,0.282804012299
apache1,188,3,100,53,0,59,35,0,22,14,0,19,12,3,6,6,0,1,1,0,3,5,0,2,5,0.286495923996
apache1,108,5,110,57,0,59,35,0,17,14,0,34,21,4,10,10,0,2,2,0,2,7,0,6,8,0.395248889923
apache1,307,8,110,57,0,59,35,0,22,17,0,29,20,5,10,10,0,2,2,0,4,8,0,4,8,0.397690057755
apache1,420,4,110,57,0,59,35,0,29,19,0,22,13,4,9,7,0,3,3,0,3,6,0,3,6,0.402032136917
apache1,244,6,120,61,0,59,35,0,26,18,0,35,21,2,6,6,0,1,1,0,2,4,0,3,4,0.337221860886
apache1,306,4,110,57,0,59,35,0,22,16,0,29,19,3,7,7,0,2,2,0,3,7,0,2,6,0.343706130981
apache1,386,6,120,61,0,59,35,0,21,16,0,40,25,5,7,7,0,1,1,0,2,6,0,4,6,0.368694067001
apache1,354,6,141,69,0,59,35,0,38,28,0,44,31,2,6,6,0,1,1,0,3,6,0,2,4,0.364033937454
apache1,233,6,120,61,0,59,35,0,32,23,0,29,19,3,9,9,0,1,1,0,2,7,0,6,8,0.390111923218
apache1,247,6,109,57,0,59,35,0,16,15,0,34,22,5,7,7,0,1,1,0,2,5,0,4,7,0.325571060181
apache1,340,8,120,61,0,59,35,0,28,20,0,33,21,4,7,7,0,1,1,0,2,5,0,4,6,0.353750228882
apache1,141,6,110,57,0,59,35,0,19,15,0,32,20,6,9,9,0,1,1,0,3,7,0,5,7,0.391347169876
apache1,351,6,110,57,0,59,35,0,27,21,0,24,15,4,7,7,0,1,1,0,3,7,0,3,5,0.3507168293
apache1,157,4,120,61,0,59,35,0,28,19,0,33,21,4,9,7,0,2,2,0,3,6,0,4,6,0.370150089264
apache1,407,4,99,53,0,59,35,0,18,17,0,22,14,4,7,9,0,1,1,0,2,7,0,4,7,0.356309175491
apache1,362,3,120,61,0,59,35,0,42,28,0,19,14,2,6,6,0,1,1,0,2,4,0,3,6,0.312159061432
apache1,358,9,137,69,0,59,35,0,39,29,0,39,29,5,10,8,0,1,1,0,5,6,0,4,7,0.448409795761
apache1,273,7,120,61,0,59,35,0,33,22,0,28,18,7,11,11,0,2,2,0,5,10,0,4,8,0.425695180893
apache1,144,4,110,57,0,59,35,0,20,15,0,31,19,4,7,7,0,2,2,0,3,7,0,2,6,0.345946073532
apache1,339,8,120,61,0,59,35,0,28,20,0,33,21,4,6,6,0,1,1,0,2,5,0,3,5,0.329847097397
apache1,203,5,110,57,0,59,35,0,22,16,0,29,19,4,9,9,0,1,1,0,3,6,0,5,8,0.383818149567
apache1,283,4,124,61,0,59,35,0,21,16,0,44,29,3,7,7,0,1,1,0,3,6,0,3,6,0.376283168793
apache1,17,4,120,61,0,59,35,0,27,19,0,34,22,4,8,6,0,1,1,0,4,6,0,3,5,0.369266033173
apache1,47,8,124,65,0,59,35,0,41,30,0,24,22,4,7,8,0,1,1,0,3,6,0,3,7,0.371797084808
apache1,246,6,120,61,0,59,35,0,27,19,0,34,23,6,10,9,0,2,2,0,4,7,0,4,8,0.398095846176
apache1,378,3,110,57,0,59,35,0,30,20,0,21,14,3,6,6,0,1,1,0,2,5,0,3,6,0.299909114838
apache1,408,4,99,53,0,59,35,0,18,15,0,22,13,3,6,6,0,2,2,0,1,4,0,3,5,0.328086853027
apache1,49,7,120,61,0,59,35,0,31,21,0,30,21,4,7,7,0,1,1,0,4,6,0,2,5,0.350990056992
apache1,412,4,120,61,0,59,35,0,38,27,0,23,16,2,7,7,0,2,2,0,1,3,0,4,6,0.328092098236
apache1,110,4,110,57,0,59,35,0,17,13,0,34,21,4,7,7,0,2,2,0,2,6,0,3,6,0.351763963699
apache1,341,6,120,61,0,59,35,0,27,19,0,34,22,4,6,6,0,1,1,0,3,6,0,2,5,0.31055688858
apache1,281,4,124,61,0,59,35,0,20,15,0,45,29,3,6,6,0,1,1,0,2,5,0,3,6,0.336854219437
apache1,404,4,94,51,0,59,35,0,13,13,0,22,13,3,6,8,0,2,2,0,1,6,0,3,5,0.308854103088
apache1,367,3,124,61,0,59,35,0,46,31,0,19,14,2,6,6,0,1,1,0,2,4,0,3,6,0.360867023468
apache1,109,4,110,57,0,59,35,0,17,13,0,34,21,4,7,7,0,1,1,0,3,6,0,3,6,0.368606090546
apache1,308,7,124,61,0,59,35,0,21,20,0,44,31,5,7,7,0,2,2,0,2,6,0,3,7,0.364624977112
apache1,295,6,110,57,0,59,35,0,22,16,0,29,20,5,10,10,0,2,2,0,5,8,0,3,8,0.396501779556
apache1,415,4,124,61,0,59,35,0,44,29,0,21,13,4,9,7,0,3,3,0,3,6,0,3,6,0.372132062912
apache1,250,8,140,69,0,59,35,0,36,27,0,45,32,2,6,6,0,1,1,0,3,6,0,2,4,0.336971998215
apache1,207,5,140,69,0,59,35,0,39,30,0,42,29,2,6,6,0,1,1,0,2,4,0,3,6,0.329659938812
apache1,83,3,97,53,0,59,35,0,20,14,0,18,15,2,5,5,0,1,1,0,2,4,0,2,5,0.272969007492
apache1,342,6,120,61,0,59,35,0,28,19,0,33,21,4,6,6,0,1,1,0,3,6,0,2,5,0.307439804077
apache1,158,4,109,57,0,59,35,0,17,15,0,33,20,3,6,6,0,1,1,0,1,4,0,4,5,0.341361999512
apache1,270,9,120,61,0,59,35,0,31,23,0,30,21,3,7,7,0,2,2,0,3,7,0,2,6,0.338697910309
apache1,160,3,110,57,0,59,35,0,17,14,0,34,20,2,9,7,0,3,3,0,1,4,0,5,6,0.366651058197
apache1,241,8,144,69,0,59,35,0,40,30,0,45,32,2,6,6,0,1,1,0,3,6,0,2,4,0.367579936981
apache1,267,9,120,61,0,59,35,0,33,23,0,28,20,4,7,7,0,1,1,0,3,6,0,3,6,0.35515499115
apache1,417,4,110,57,0,59,35,0,29,21,0,22,15,4,9,9,0,2,2,0,4,8,0,3,6,0.42255115509
apache1,76,5,92,51,0,59,35,0,20,16,0,13,13,3,7,9,0,2,2,0,4,8,0,1,6,0.344610929489
apache1,421,6,120,61,0,59,35,0,39,28,0,22,17,4,7,7,0,2,2,0,2,7,0,3,6,0.360564947128
apache1,290,4,110,57,0,59,35,0,22,16,0,29,19,3,7,7,0,2,2,0,3,7,0,2,6,0.338552951813
apache1,204,5,110,57,0,59,35,0,22,15,0,29,19,4,7,7,0,1,1,0,3,5,0,3,7,0.342665910721
apache1,287,6,110,57,0,59,35,0,21,15,0,30,20,4,7,7,0,1,1,0,4,5,0,2,6,0.370458126068
apache1,418,6,110,57,0,59,35,0,28,21,0,23,17,4,7,7,0,2,2,0,3,7,0,2,6,0.332301855087
apache1,344,6,109,57,0,59,35,0,16,15,0,34,21,5,8,10,0,1,1,0,2,7,0,5,9,0.371341943741
apache1,77,5,100,53,0,59,35,0,22,14,0,19,12,3,7,7,0,2,2,0,3,6,0,2,5,0.326083898544
apache1,384,7,110,57,0,59,35,0,30,22,0,21,14,4,7,7,0,1,1,0,3,6,0,3,6,0.350066184998
apache1,296,5,97,53,0,59,35,0,22,15,0,16,15,5,7,9,0,1,1,0,4,7,0,2,7,0.324515104294
apache1,350,4,124,61,0,59,35,0,42,30,0,23,16,2,6,6,0,1,1,0,1,2,0,4,5,0.330132007599
apache1,155,4,110,57,0,59,35,0,17,14,0,34,20,4,8,6,0,2,2,0,2,6,0,4,5,0.360006809235
apache1,338,8,120,61,0,59,35,0,27,20,0,34,23,8,11,11,0,1,1,0,5,8,0,5,9,0.431059837341
apache1,216,9,120,61,0,59,35,0,32,23,0,29,21,6,10,8,0,1,1,0,5,7,0,4,6,0.401462078094
apache1,352,4,110,57,0,59,35,0,27,20,0,24,15,4,6,6,0,1,1,0,2,6,0,3,5,0.321649074554
apache1,366,6,120,61,0,59,35,0,40,28,0,21,15,3,7,7,0,1,1,0,1,5,0,5,6,0.365904808044
apache1,304,6,110,57,0,59,35,0,22,16,0,29,20,5,10,10,0,2,2,0,5,8,0,3,8,0.405221939087
apache1,385,5,110,57,0,59,35,0,32,22,0,19,13,4,7,7,0,1,1,0,4,6,0,2,5,0.330643892288
apache1,214,7,120,61,0,59,35,0,33,23,0,28,18,7,10,8,0,2,2,0,4,8,0,4,6,0.408836126328
apache1,294,6,110,57,0,59,35,0,22,16,0,29,20,4,6,6,0,1,1,0,3,5,0,2,6,0.346745014191
apache1,369,8,124,61,0,59,35,0,45,31,0,20,15,4,7,7,0,2,2,0,2,7,0,3,6,0.373339891434
apache1,209,7,144,69,0,59,35,0,41,31,0,44,32,2,6,6,0,1,1,0,2,4,0,3,6,0.36452794075
apache1,85,3,100,53,0,59,35,0,22,14,0,19,12,2,6,6,0,1,1,0,3,4,0,2,4,0.285378932953
apache1,16,5,120,61,0,59,35,0,32,20,0,29,20,3,9,7,0,2,2,0,5,7,0,2,5,0.387712955475
apache1,148,5,120,61,0,59,35,0,20,19,0,41,28,2,6,6,0,1,1,0,3,6,0,2,4,0.319316864014
apache1,182,4,120,61,0,59,35,0,17,18,0,44,28,4,10,8,0,3,3,0,2,7,0,5,6,0.403033971786
apache1,363,4,120,61,0,59,35,0,42,28,0,19,15,4,7,7,0,1,1,0,3,7,0,3,6,0.345368146896
apache1,288,6,110,57,0,59,35,0,21,16,0,30,20,2,6,6,0,1,1,0,3,5,0,2,6,0.298732042313
apache1,51,4,102,55,0,59,35,0,32,21,0,11,13,2,7,9,0,1,1,0,4,8,0,2,7,0.312901973724
apache1,156,4,110,57,0,59,35,0,20,15,0,31,20,3,6,6,0,1,1,0,3,6,0,2,6,0.295208930969
apache1,383,5,110,57,0,59,35,0,30,21,0,21,14,4,7,7,0,1,1,0,4,6,0,2,5,0.342144966125
apache1,309,6,120,61,0,59,35,0,21,16,0,40,26,4,7,7,0,2,2,0,2,7,0,3,6,0.343000888824
apache1,419,4,110,57,0,59,35,0,30,22,0,21,16,4,10,10,0,2,2,0,5,9,0,3,7,0.370138883591
apache1,252,8,144,69,0,59,35,0,40,30,0,45,32,2,6,6,0,1,1,0,3,6,0,2,4,0.338143110275
apache1,297,7,110,57,0,59,35,0,21,16,0,30,20,6,10,10,0,1,1,0,4,7,0,5,8,0.403318166733
apache1,50,4,107,57,0,59,35,0,32,21,0,16,15,2,6,6,0,1,1,0,3,5,0,2,5,0.318034887314
apache1,75,5,97,53,0,59,35,0,20,16,0,18,15,3,6,6,0,2,2,0,3,5,0,1,4,0.313653945923
apache1,289,6,110,57,0,59,35,0,21,16,0,30,20,2,6,6,0,1,1,0,3,5,0,2,6,0.303545951843
apache1,114,6,120,61,0,59,35,0,19,19,0,42,29,4,7,7,0,1,1,0,3,6,0,3,6,0.344155788422
apache1,217,7,120,61,0,59,35,0,32,23,0,29,19,5,9,7,0,2,2,0,3,7,0,4,6,0.380028009415
apache1,426,4,109,57,0,59,35,0,29,22,0,21,13,3,6,6,0,2,2,0,1,4,0,3,5,0.306288957596
apache1,234,9,120,61,0,59,35,0,32,23,0,29,21,6,9,7,0,1,1,0,4,6,0,4,6,0.391726970673
apache1,423,4,109,57,0,59,35,0,29,22,0,21,13,3,6,6,0,2,2,0,1,4,0,3,5,0.301182985306
apache1,403,6,141,69,0,59,35,0,37,26,0,45,32,4,7,7,0,2,2,0,2,7,0,3,6,0.345826148987
apache1,364,8,120,61,0,59,35,0,41,28,0,20,15,4,7,7,0,2,2,0,2,7,0,3,6,0.356378078461
apache1,424,4,120,61,0,59,35,0,38,27,0,23,16,2,7,7,0,2,2,0,1,3,0,4,6,0.338335037231
apache1,159,4,104,55,0,59,35,0,12,13,0,33,20,3,7,9,0,1,1,0,1,6,0,5,8,0.326934814453
apache1,212,7,120,61,0,59,35,0,31,21,0,30,19,2,6,6,0,1,1,0,3,4,0,2,4,0.334640979767
apache1,393,6,110,57,0,59,35,0,22,16,0,29,20,5,10,10,0,2,2,0,5,8,0,3,8,0.412926912308
apache1,128,5,140,69,0,59,35,0,42,33,0,39,28,3,7,7,0,1,1,0,3,6,0,3,6,0.387887001038
apache1,269,7,120,61,0,59,35,0,32,22,0,29,19,4,6,6,0,1,1,0,2,5,0,3,6,0.329554080963
apache1,272,9,120,61,0,59,35,0,33,24,0,28,19,7,11,11,0,2,2,0,4,10,0,5,8,0.418350934982
apache1,52,3,120,61,0,59,35,0,30,19,0,31,20,2,8,6,0,1,1,0,5,5,0,2,4,0.364395141602
apache1,274,7,144,69,0,59,35,0,39,32,0,46,31,3,7,7,0,2,2,0,2,6,0,3,6,0.369241952896
apache1,71,4,124,61,0,59,35,0,19,14,0,46,29,4,9,7,0,3,3,0,3,7,0,3,6,0.370020866394
apache1,349,4,120,61,0,59,35,0,38,27,0,23,16,2,6,6,0,1,1,0,1,2,0,4,5,0.314985990524
apache1,70,4,110,57,0,59,35,0,20,15,0,31,20,3,9,7,0,3,3,0,4,7,0,2,5,0.35940694809
apache1,371,6,124,61,0,59,35,0,44,31,0,21,15,3,7,7,0,1,1,0,1,5,0,5,6,0.371138811111
apache1,301,8,110,57,0,59,35,0,22,17,0,29,20,5,10,10,0,2,2,0,4,8,0,4,8,0.423748970032
apache1,328,9,140,69,0,59,35,0,40,30,0,41,27,3,7,7,0,1,1,0,4,6,0,2,6,0.382745981216
apache1,343,7,120,61,0,59,35,0,26,20,0,35,23,4,7,7,0,2,2,0,2,7,0,3,6,0.361429929733
apache1,392,7,110,57,0,59,35,0,22,16,0,29,19,6,7,7,0,1,1,0,3,6,0,3,6,0.355750799179
apache1,286,5,110,57,0,59,35,0,21,15,0,30,19,4,7,7,0,1,1,0,4,6,0,2,5,0.331864118576
apache1,72,8,120,61,0,59,35,0,21,20,0,40,27,6,10,8,0,3,3,0,3,8,0,4,6,0.405611991882
apache1,391,4,110,57,0,59,35,0,22,16,0,29,19,3,7,7,0,2,2,0,3,7,0,2,6,0.347252130508
apache1,402,7,141,69,0,59,35,0,39,27,0,43,31,3,7,7,0,1,1,0,4,6,0,2,6,0.390744924545
apache1,291,7,110,57,0,59,35,0,22,16,0,29,19,6,7,7,0,1,1,0,3,6,0,3,6,0.323431015015
apache1,379,5,110,57,0,59,35,0,31,22,0,20,14,4,7,7,0,1,1,0,3,6,0,3,6,0.333160161972
apache1,248,6,120,61,0,59,35,0,28,20,0,33,22,6,9,7,0,1,1,0,4,6,0,4,6,0.377145051956
apache1,265,9,120,61,0,59,35,0,33,24,0,28,20,8,11,11,0,1,1,0,5,9,0,5,8,0.448047161102
apache1,143,4,110,57,0,59,35,0,19,14,0,32,19,2,6,6,0,1,1,0,3,6,0,2,4,0.332671880722
apache1,112,4,124,61,0,59,35,0,17,14,0,48,31,4,7,7,0,1,1,0,3,6,0,3,6,0.345061063766
apache1,413,4,120,61,0,59,35,0,40,26,0,21,13,4,9,7,0,3,3,0,3,6,0,3,6,0.357436180115
apache1,235,6,120,61,0,59,35,0,27,19,0,34,23,4,9,9,0,1,1,0,5,8,0,3,7,0.377015113831
apache1,416,4,110,57,0,59,35,0,29,20,0,22,15,4,7,7,0,2,2,0,2,6,0,3,6,0.324823141098
apache1,305,5,97,53,0,59,35,0,22,15,0,16,15,5,7,9,0,1,1,0,4,7,0,2,7,0.354340076447
apache1,186,4,100,53,0,59,35,0,17,12,0,24,14,4,7,7,0,2,2,0,2,6,0,3,6,0.341814994812
apache1,205,3,124,61,0,59,35,0,21,15,0,44,29,2,7,7,0,1,1,0,4,5,0,2,5,0.350739002228
apache1,236,6,120,61,0,59,35,0,28,20,0,33,22,6,8,6,0,1,1,0,4,6,0,3,5,0.340366125107
apache1,337,8,120,61,0,59,35,0,27,20,0,34,23,8,10,10,0,1,1,0,5,8,0,4,8,0.396364927292
apache1,206,4,120,61,0,59,35,0,21,19,0,40,28,2,7,7,0,1,1,0,4,5,0,2,5,0.361488103867
apache1,400,6,137,69,0,59,35,0,36,26,0,42,28,4,7,7,0,2,2,0,2,7,0,3,6,0.360438108444
apache1,347,8,144,69,0,59,35,0,41,31,0,44,32,4,7,7,0,2,2,0,2,6,0,3,6,0.386788845062
apache1,277,4,120,61,0,59,35,0,20,15,0,41,26,3,6,6,0,1,1,0,2,5,0,3,6,0.336273908615
apache1,380,4,110,57,0,59,35,0,32,22,0,19,14,3,10,10,0,2,2,0,6,9,0,2,6,0.414788007736
apache1,140,4,120,61,0,59,35,0,29,19,0,32,20,4,6,6,0,1,1,0,3,6,0,2,5,0.317671060562
apache1,145,5,124,61,0,59,35,0,20,20,0,45,32,5,7,7,0,2,2,0,2,6,0,3,7,0.360315084457
apache1,335,8,140,69,0,59,35,0,37,28,0,44,32,4,7,7,0,2,2,0,2,6,0,3,6,0.37717795372
apache1,401,5,141,69,0,59,35,0,38,25,0,44,29,3,7,7,0,1,1,0,4,6,0,2,6,0.354375123978
apache1,357,6,137,69,0,59,35,0,38,28,0,40,28,2,6,6,0,1,1,0,3,6,0,2,4,0.358960151672
apache1,243,6,120,61,0,59,35,0,26,19,0,35,23,6,10,10,0,1,1,0,5,8,0,4,8,0.384854078293
apache1,389,6,124,61,0,59,35,0,22,16,0,43,29,4,7,7,0,2,2,0,3,7,0,2,6,0.358286142349
apache1,271,6,107,57,0,59,35,0,33,22,0,15,14,4,8,10,0,1,1,0,4,9,0,3,7,0.356807947159
apache1,390,7,110,57,0,59,35,0,21,16,0,30,19,4,7,7,0,1,1,0,3,6,0,3,6,0.369930028915
apache1,377,6,110,57,0,59,35,0,31,23,0,20,15,3,7,7,0,2,2,0,3,7,0,2,6,0.326544046402
apache1,374,5,110,57,0,59,35,0,31,23,0,20,14,4,7,7,0,1,1,0,3,6,0,3,6,0.325680017471
apache1,382,4,110,57,0,59,35,0,33,23,0,18,14,3,7,7,0,2,2,0,4,7,0,1,3,0.317929983139
apache1,211,7,120,61,0,59,35,0,33,23,0,28,19,6,10,10,0,1,1,0,4,8,0,5,8,0.403498888016
apache1,414,4,124,61,0,59,35,0,42,30,0,23,16,2,7,7,0,2,2,0,1,3,0,4,6,0.373378038406
apache1,106,4,100,53,0,59,35,0,17,12,0,24,14,4,6,6,0,1,1,0,2,5,0,3,5,0.292098045349
apache1,249,6,120,61,0,59,35,0,28,20,0,33,23,4,9,7,0,2,2,0,4,7,0,3,6,0.349309921265
apache1,255,8,140,69,0,59,35,0,36,27,0,45,32,2,6,6,0,1,1,0,3,6,0,2,4,0.351652860641
apache1,275,9,140,69,0,59,35,0,40,32,0,41,29,3,7,7,0,2,2,0,2,6,0,3,6,0.367573976517
apache1,336,4,120,61,0,59,35,0,38,27,0,23,16,2,6,6,0,1,1,0,1,2,0,4,5,0.30712389946
apache1,332,9,144,69,0,59,35,0,40,30,0,45,30,3,7,7,0,1,1,0,4,6,0,2,6,0.358727931976
apache1,368,4,124,61,0,59,35,0,46,31,0,19,15,4,7,7,0,1,1,0,3,7,0,3,6,0.382575035095
apache1,266,8,120,61,0,59,35,0,29,22,0,32,21,3,6,6,0,1,1,0,2,5,0,3,6,0.332402944565
apache1,115,8,120,61,0,59,35,0,19,20,0,42,30,4,7,7,0,1,1,0,2,5,0,4,6,0.361909866333
apache1,113,6,120,61,0,59,35,0,19,19,0,42,29,4,7,7,0,2,2,0,2,6,0,3,6,0.3483979702
apache1,81,3,107,57,0,59,35,0,19,14,0,29,22,2,5,5,0,1,1,0,2,4,0,2,5,0.287982940674
apache1,84,3,92,51,0,59,35,0,20,14,0,13,13,2,5,7,0,1,1,0,2,4,0,2,7,0.275358200073
apache1,220,11,141,69,0,59,35,0,38,28,0,44,34,4,9,7,0,1,1,0,5,6,0,3,5,0.386261940002
apache1,375,5,110,57,0,59,35,0,33,23,0,18,14,4,6,6,0,1,1,0,3,5,0,2,6,0.313931941986
apache1,218,8,141,69,0,59,35,0,40,30,0,42,30,3,7,7,0,1,1,0,3,6,0,3,6,0.353533029556
apache1,111,8,124,61,0,59,35,0,19,20,0,46,34,4,7,7,0,2,2,0,2,6,0,3,6,0.331528902054
apache1,346,6,120,61,0,59,35,0,27,19,0,34,22,6,11,12,0,2,2,0,4,9,0,5,10,0.429316043854
apache1,293,6,110,57,0,59,35,0,22,16,0,29,20,4,6,6,0,1,1,0,3,5,0,2,6,0.294006109238
apache1,239,8,140,69,0,59,35,0,36,27,0,45,32,2,6,6,0,1,1,0,3,6,0,2,4,0.365510940552
apache1,172,5,144,69,0,59,35,0,42,33,0,43,31,3,7,7,0,1,1,0,3,6,0,3,6,0.361866950989
apache1,213,7,120,61,0,59,35,0,32,23,0,29,19,4,9,9,0,1,1,0,3,8,0,5,8,0.397396087646
apache1,370,4,124,61,0,59,35,0,44,30,0,21,15,2,6,6,0,1,1,0,1,5,0,4,6,0.335957050323
apache1,381,6,110,57,0,59,35,0,31,23,0,20,15,3,7,7,0,2,2,0,3,7,0,2,6,0.34876203537
apache1,365,6,120,61,0,59,35,0,42,29,0,19,15,4,7,7,0,1,1,0,2,7,0,4,6,0.36066699028
apache1,292,7,110,57,0,59,35,0,22,16,0,29,19,6,7,7,0,1,1,0,3,6,0,3,6,0.32722401619
apache1,280,6,120,61,0,59,35,0,21,16,0,40,26,4,7,7,0,2,2,0,2,7,0,3,6,0.362651109695
apache1,176,3,107,57,0,59,35,0,19,14,0,29,22,2,5,5,0,1,1,0,2,4,0,2,5,0.283332109451
apache1,78,3,110,57,0,59,35,0,20,14,0,31,19,2,8,6,0,2,2,0,2,4,0,4,6,0.332674980164
apache1,215,6,107,57,0,59,35,0,33,22,0,15,14,4,7,7,0,1,1,0,3,7,0,3,5,0.316092967987
apache1,142,5,110,57,0,59,35,0,19,15,0,32,20,4,10,10,0,2,2,0,2,7,0,6,8,0.378759145737
apache1,245,6,120,61,0,59,35,0,28,19,0,33,22,4,9,9,0,1,1,0,5,8,0,3,7,0.412800788879
apache1,409,4,113,57,0,59,35,0,33,25,0,21,13,3,6,6,0,2,2,0,1,4,0,3,5,0.298196792603
apache1,331,4,120,61,0,59,35,0,38,27,0,23,16,2,6,6,0,1,1,0,1,2,0,4,5,0.327057123184
apache1,175,6,107,57,0,59,35,0,19,17,0,29,23,2,7,7,0,2,2,0,3,7,0,2,5,0.346781015396
apache1,107,6,110,57,0,59,35,0,17,14,0,34,21,6,9,9,0,1,1,0,3,7,0,5,7,0.353873968124
apache1,298,8,110,57,0,59,35,0,21,16,0,30,21,6,10,10,0,1,1,0,4,6,0,5,9,0.412173032761
apache1,299,6,110,57,0,59,35,0,22,16,0,29,20,4,9,9,0,1,1,0,4,6,0,4,8,0.386012792587
apache1,303,6,144,69,0,59,35,0,41,32,0,44,30,3,7,7,0,1,1,0,2,6,0,4,6,0.390523195267
apache1,264,8,120,61,0,59,35,0,32,23,0,29,20,7,10,10,0,1,1,0,3,8,0,6,8,0.386427879333
apache1,348,8,140,69,0,59,35,0,37,30,0,44,28,4,7,7,0,2,2,0,2,7,0,3,6,0.358263969421
apache1,285,7,124,61,0,59,35,0,21,20,0,44,31,5,7,7,0,2,2,0,2,6,0,3,7,0.340902090073
apache1,373,5,110,57,0,59,35,0,32,22,0,19,14,5,9,9,0,1,1,0,5,8,0,3,7,0.385227918625
apache1,184,4,120,61,0,59,35,0,17,18,0,44,28,2,9,7,0,2,2,0,2,6,0,5,5,0.417032003403
apache1,300,6,110,57,0,59,35,0,22,16,0,29,20,4,9,9,0,1,1,0,4,6,0,4,8,0.388757944107
apache1,394,5,97,53,0,59,35,0,22,15,0,16,15,5,7,9,0,1,1,0,4,7,0,2,7,0.317656040192
apache1,268,6,120,61,0,59,35,0,32,23,0,29,19,3,6,6,0,1,1,0,1,5,0,4,6,0.336752891541
apache1,399,9,137,69,0,59,35,0,38,29,0,40,28,3,7,7,0,1,1,0,3,6,0,3,6,0.473170995712
apache1,411,4,109,57,0,59,35,0,29,22,0,21,13,3,6,6,0,2,2,0,1,4,0,3,5,0.32678103447
apache1,345,8,120,61,0,59,35,0,27,20,0,34,24,6,11,11,0,2,2,0,5,9,0,4,9,0.451632022858
apache1,282,4,124,61,0,59,35,0,20,16,0,45,30,3,7,7,0,1,1,0,3,6,0,3,6,0.37141418457
apache1,372,3,110,57,0,59,35,0,31,21,0,20,14,2,6,6,0,1,1,0,2,4,0,3,6,0.303233861923
apache1,334,8,144,69,0,59,35,0,41,31,0,44,32,4,7,7,0,2,2,0,2,6,0,3,6,0.359395980835
apache2,22,4,171,90,0,65,38,0,16,17,0,90,58,0,4,7,-1,0,0,0,4,7,-1,0,0,0.340812206268
apache2,17,4,102,55,0,65,38,0,21,18,0,16,12,0,4,7,-1,0,0,0,4,7,-1,0,0,0.271337985992
apache2,18,3,78,43,0,65,38,0,8,7,0,5,7,1,4,7,-1,0,0,0,1,4,0,3,7,0.260366916656
apache2,16,2,78,43,0,65,38,0,6,5,0,7,7,0,4,7,-1,0,0,-1,0,0,0,4,7,0.260215997696
apache2,19,4,171,90,0,65,38,0,14,13,0,92,61,1,4,7,-1,0,0,0,1,4,0,3,7,0.346102952957
apache2,21,4,171,90,0,65,38,0,94,61,0,12,15,0,4,7,-1,0,0,-1,0,0,0,4,7,0.334306001663
apache2,20,4,171,90,0,65,38,0,90,58,0,16,17,0,4,7,-1,0,0,-1,0,0,0,4,7,0.334440946579
apache2,15,5,102,55,0,65,38,0,17,15,0,20,19,1,4,7,-1,0,0,0,3,7,0,1,4,0.267871141434
bankaccount,17,6,99,22,0,37,16,0,36,14,0,26,12,3,11,15,0,5,5,0,5,11,0,1,9,0.470931053162
bankaccount,18,7,99,22,0,37,16,0,36,14,0,26,12,4,9,13,0,4,4,0,1,8,0,4,9,0.427530050278
bankaccount,16,6,99,22,0,37,16,0,36,14,0,26,12,3,11,15,0,5,5,0,5,11,0,1,9,0.463865995407
bankaccount,19,6,98,22,0,37,16,0,36,14,0,25,11,2,10,12,0,5,5,0,5,11,-1,0,0,0.429104089737
bankaccount,5,5,98,22,0,37,16,0,35,13,0,26,12,2,8,10,0,4,4,-1,0,0,0,4,9,0.351101875305
bluetooth,6,5,21,10,0,10,8,0,5,6,0,6,6,1,2,4,-1,0,0,0,1,3,0,1,2,0.198148012161
pool,131,4,518,162,0,118,33,0,182,71,0,218,77,0,2,3,-1,0,0,-1,0,0,0,2,3,0.569553136826
pool,137,3,518,162,0,118,33,0,207,77,0,193,71,0,2,4,-1,0,0,0,2,4,-1,0,0,0.535573959351
pool,130,4,518,162,0,118,33,0,182,71,0,218,77,0,2,4,-1,0,0,-1,0,0,0,2,4,0.548238039017
pool,143,4,471,147,0,118,33,0,182,71,0,171,62,0,2,4,-1,0,0,-1,0,0,0,2,4,0.468801021576
pool,152,3,471,147,0,118,33,0,160,62,0,193,71,0,2,3,-1,0,0,0,2,3,-1,0,0,0.472263097763
pool,138,3,518,162,0,118,33,0,207,77,0,193,71,0,2,3,-1,0,0,0,2,3,-1,0,0,0.55552983284
pool,149,3,471,147,0,118,33,0,160,62,0,193,71,0,2,4,-1,0,0,0,2,4,-1,0,0,0.50373506546
pool,146,4,471,147,0,118,33,0,182,71,0,171,62,0,2,3,-1,0,0,-1,0,0,0,2,3,0.471043109894
deadlock,9,5,29,7,0,13,7,0,8,7,0,8,6,1,2,5,-1,0,0,0,1,4,0,1,4,0.215584993362
