# Options: --keepunused --dodsnsmt --runsmtanalysistype=binarysearch --smtmultithread=abstractenv --smtcalcstats --hazardsensitivewar --toposortinput --nointrathreadhazard
# Format: Benchmark,Trace,Initial-CSs,Initial-Stmts,Initial-Vars,Init0-CSs,Init0-Stmts,Init0-Vars,Init1-CSs,Init1-Stmts,Init1-Vars,Init2-CSs,Init2-Stmts,Init2-Vars,Reduced-CSs,Reduced-Stmts,Reduced-Vars,slice0-CSs,slice0-Stmts,slice0-Vars,slice1-CSs,slice1-Stmts,slice1-Vars,slice2-CSs,slice2-Stmts,slice2-Vars,Reduced-CSs,Reduced-Stmts,Reduced-Vars,slice0-CSs,slice0-Stmts,slice0-Vars,slice1-CSs,slice1-Stmts,slice1-Vars,slice2-CSs,slice2-Stmts,slice2-Vars,Reduced-CSs,Reduced-Stmts,Reduced-Vars,slice0-CSs,slice0-Stmts,slice0-Vars,slice1-CSs,slice1-Stmts,slice1-Vars,slice2-CSs,slice2-Stmts,slice2-Vars,Time[s]
apache1,353,4,110,57,0,59,35,0,29,21,0,22,15,4,9,9,0,1,1,0,5,8,0,3,6,4,17,12,0,6,6,0,7,10,0,4,7,4,13,10,0,4,4,0,5,9,0,4,7,1.02273607254
apache1,185,4,120,61,0,59,35,0,19,15,0,42,26,2,6,6,0,1,1,0,1,5,0,4,6,2,9,7,0,3,3,0,2,6,0,4,6,2,9,7,0,3,3,0,2,6,0,4,6,0.614675045013
apache1,117,4,110,57,0,59,35,0,17,13,0,34,20,4,7,7,0,1,1,0,2,5,0,4,6,4,8,7,0,2,2,0,2,5,0,4,6,4,10,8,0,3,3,0,2,7,0,5,7,0.719887018204
apache1,425,4,120,61,0,59,35,0,40,26,0,21,13,4,9,7,0,3,3,0,3,6,0,3,6,4,11,7,0,4,4,0,3,6,0,4,6,4,10,7,0,4,4,0,3,7,0,3,6,0.769428014755
apache1,187,2,100,53,0,59,35,0,17,12,0,24,14,2,6,6,0,1,1,0,2,4,0,3,4,2,7,6,0,2,2,0,2,4,0,3,4,2,9,7,0,3,3,0,2,5,0,4,5,0.571635961533
apache1,179,8,124,61,0,59,35,0,21,21,0,44,30,3,7,7,0,1,1,0,1,5,0,5,6,3,8,7,0,2,2,0,1,5,0,5,6,4,10,8,0,3,3,0,2,8,0,5,6,0.728859186172
apache1,330,8,140,69,0,59,35,0,37,28,0,44,32,4,7,7,0,2,2,0,2,6,0,3,6,4,8,7,0,3,3,0,2,6,0,3,6,4,8,7,0,3,3,0,2,7,0,3,6,0.60058093071
apache1,223,7,137,69,0,59,35,0,38,26,0,40,29,2,9,7,0,1,1,0,5,5,0,3,6,3,13,8,0,4,4,0,6,7,0,3,6,3,13,8,0,4,4,0,6,7,0,3,6,0.912046194077
apache1,116,8,124,61,0,59,35,0,19,20,0,46,33,4,7,7,0,1,1,0,2,5,0,4,6,4,8,7,0,2,2,0,2,5,0,4,6,4,10,8,0,3,3,0,2,7,0,5,7,0.65115904808
apache1,221,6,137,69,0,59,35,0,40,28,0,38,26,3,7,7,0,1,1,0,3,6,0,3,6,4,10,8,0,3,3,0,4,8,0,3,6,4,10,8,0,3,3,0,4,8,0,3,6,0.761554002762
apache1,279,4,120,61,0,59,35,0,20,16,0,41,26,3,7,7,0,1,1,0,2,6,0,4,6,4,10,8,0,3,3,0,3,8,0,4,6,4,10,8,0,3,3,0,3,8,0,4,6,0.740522861481
apache1,376,5,110,57,0,59,35,0,32,21,0,19,13,5,7,7,0,1,1,0,4,7,0,2,5,5,10,8,0,3,3,0,5,8,0,2,6,5,8,7,0,2,2,0,4,7,0,2,5,0.688790798187
apache1,422,4,120,61,0,59,35,0,40,26,0,21,13,4,9,7,0,3,3,0,3,6,0,3,6,4,11,7,0,4,4,0,3,6,0,4,6,4,10,7,0,4,4,0,3,7,0,3,6,0.791590929031
apache1,147,6,120,61,0,59,35,0,20,16,0,41,27,4,7,7,0,2,2,0,2,6,0,3,6,4,8,7,0,3,3,0,2,6,0,3,6,4,8,7,0,3,3,0,2,7,0,3,6,0.59175491333
apache1,398,5,137,69,0,59,35,0,38,25,0,40,26,3,7,7,0,1,1,0,4,6,0,2,6,5,10,8,0,3,3,0,4,7,0,3,7,5,10,8,0,3,3,0,4,7,0,3,7,0.743348121643
apache1,131,3,107,57,0,59,35,0,19,14,0,29,22,2,5,5,0,1,1,0,2,4,0,2,5,3,8,6,0,3,3,0,3,5,0,2,5,3,10,7,0,4,4,0,3,6,0,3,6,0.649788141251
apache1,188,3,100,53,0,59,35,0,22,14,0,19,12,3,6,6,0,1,1,0,3,5,0,2,5,3,9,7,0,3,3,0,4,6,0,2,6,3,7,6,0,2,2,0,3,5,0,2,5,0.550415039062
apache1,108,5,110,57,0,59,35,0,17,14,0,34,21,4,10,10,0,2,2,0,2,7,0,6,8,4,12,10,0,4,4,0,2,7,0,6,8,4,16,12,0,6,6,0,2,8,0,8,9,0.889422178268
apache1,307,8,110,57,0,59,35,0,22,17,0,29,20,5,10,10,0,2,2,0,4,8,0,4,8,5,12,10,0,4,4,0,4,8,0,4,8,5,16,12,0,6,6,0,4,9,0,6,9,0.893575191498
apache1,420,4,110,57,0,59,35,0,29,19,0,22,13,4,9,7,0,3,3,0,3,6,0,3,6,4,11,7,0,4,4,0,3,6,0,4,6,4,10,7,0,4,4,0,3,7,0,3,6,0.79318189621
apache1,244,6,120,61,0,59,35,0,26,18,0,35,21,2,6,6,0,1,1,0,2,4,0,3,4,2,7,6,0,2,2,0,2,4,0,3,4,4,9,7,0,3,3,0,2,6,0,4,6,0.559303998947
apache1,306,4,110,57,0,59,35,0,22,16,0,29,19,3,7,7,0,2,2,0,3,7,0,2,6,3,8,7,0,3,3,0,3,7,0,2,6,3,8,7,0,3,3,0,3,7,0,2,6,0.600412845612
apache1,386,6,120,61,0,59,35,0,21,16,0,40,25,5,7,7,0,1,1,0,2,6,0,4,6,6,10,8,0,3,3,0,3,8,0,4,6,6,10,8,0,3,3,0,3,8,0,4,6,0.76166510582
apache1,354,6,141,69,0,59,35,0,38,28,0,44,31,2,6,6,0,1,1,0,3,6,0,2,4,4,9,7,0,3,3,0,3,7,0,3,6,4,9,7,0,3,3,0,3,7,0,3,6,0.6825299263
apache1,233,6,120,61,0,59,35,0,32,23,0,29,19,3,9,9,0,1,1,0,2,7,0,6,8,4,15,11,0,6,6,0,3,9,0,6,8,4,16,11,0,6,6,0,4,9,0,6,8,0.97495508194
apache1,247,6,109,57,0,59,35,0,16,15,0,34,22,5,7,7,0,1,1,0,2,5,0,4,7,6,11,8,0,4,4,0,3,7,0,4,7,6,11,8,0,4,4,0,3,7,0,4,7,0.669528007507
apache1,340,8,120,61,0,59,35,0,28,20,0,33,21,4,7,7,0,1,1,0,2,5,0,4,6,4,8,7,0,2,2,0,2,5,0,4,6,4,10,8,0,3,3,0,2,7,0,5,7,0.704205989838
apache1,141,6,110,57,0,59,35,0,19,15,0,32,20,6,9,9,0,1,1,0,3,7,0,5,7,6,13,10,0,4,4,0,3,8,0,6,8,6,17,12,0,6,6,0,3,9,0,8,9,1.0434319973
apache1,351,6,110,57,0,59,35,0,27,21,0,24,15,4,7,7,0,1,1,0,3,7,0,3,5,6,10,8,0,3,3,0,3,8,0,4,6,6,10,8,0,3,3,0,3,8,0,4,6,0.744449138641
apache1,157,4,120,61,0,59,35,0,28,19,0,33,21,4,9,7,0,2,2,0,3,6,0,4,6,4,11,7,0,4,4,0,3,6,0,4,6,4,11,7,0,4,4,0,3,7,0,4,6,0.735868930817
apache1,407,4,99,53,0,59,35,0,18,17,0,22,14,4,7,9,0,1,1,0,2,7,0,4,7,4,15,12,0,6,6,0,5,9,0,4,7,4,11,10,0,4,4,0,3,9,0,4,7,0.899898052216
apache1,362,3,120,61,0,59,35,0,42,28,0,19,14,2,6,6,0,1,1,0,2,4,0,3,6,3,9,7,0,3,3,0,3,6,0,3,6,3,9,7,0,3,3,0,3,6,0,3,6,0.653846979141
apache1,358,9,137,69,0,59,35,0,39,29,0,39,29,5,10,8,0,1,1,0,5,6,0,4,7,5,14,9,0,4,4,0,5,7,0,5,8,5,14,9,0,4,4,0,5,7,0,5,8,0.965308904648
apache1,273,7,120,61,0,59,35,0,33,22,0,28,18,7,11,11,0,2,2,0,5,10,0,4,8,7,15,12,0,6,6,0,5,10,0,4,8,7,16,12,0,6,6,0,6,11,0,4,8,1.10230493546
apache1,144,4,110,57,0,59,35,0,20,15,0,31,19,4,7,7,0,2,2,0,3,7,0,2,6,4,8,7,0,3,3,0,3,7,0,2,6,4,8,7,0,3,3,0,3,7,0,2,6,0.620481014252
apache1,339,8,120,61,0,59,35,0,28,20,0,33,21,4,6,6,0,1,1,0,2,5,0,3,5,4,7,6,0,2,2,0,2,5,0,3,5,4,9,7,0,3,3,0,2,7,0,4,6,0.63901591301
apache1,203,5,110,57,0,59,35,0,22,16,0,29,19,4,9,9,0,1,1,0,3,6,0,5,8,5,13,10,0,4,4,0,4,8,0,5,8,5,17,12,0,6,6,0,4,9,0,7,9,0.995348930359
apache1,283,4,124,61,0,59,35,0,21,16,0,44,29,3,7,7,0,1,1,0,3,6,0,3,6,4,10,8,0,3,3,0,4,8,0,3,6,4,10,8,0,3,3,0,4,8,0,3,6,0.758265018463
apache1,17,4,120,61,0,59,35,0,27,19,0,34,22,4,8,6,0,1,1,0,4,6,0,3,5,4,12,7,0,4,4,0,4,7,0,4,6,4,12,7,0,4,4,0,4,7,0,4,6,0.832343101501
apache1,47,8,124,65,0,59,35,0,41,30,0,24,22,4,7,8,0,1,1,0,3,6,0,3,7,6,11,9,0,4,4,0,3,7,0,4,8,6,11,9,0,4,4,0,3,7,0,4,8,0.818662881851
apache1,246,6,120,61,0,59,35,0,27,19,0,34,23,6,10,9,0,2,2,0,4,7,0,4,8,6,12,9,0,4,4,0,4,7,0,4,8,6,12,9,0,4,4,0,4,7,0,4,8,0.908087015152
apache1,378,3,110,57,0,59,35,0,30,20,0,21,14,3,6,6,0,1,1,0,2,5,0,3,6,3,9,7,0,3,3,0,3,6,0,3,6,3,9,7,0,3,3,0,3,6,0,3,6,0.668219804764
apache1,408,4,99,53,0,59,35,0,18,15,0,22,13,3,6,6,0,2,2,0,1,4,0,3,5,4,10,7,0,4,4,0,2,6,0,4,6,3,7,6,0,3,3,0,1,5,0,3,5,0.601823806763
apache1,49,7,120,61,0,59,35,0,31,21,0,30,21,4,7,7,0,1,1,0,4,6,0,2,5,5,10,8,0,3,3,0,5,8,0,2,6,4,8,7,0,2,2,0,4,6,0,2,5,0.711629867554
apache1,412,4,120,61,0,59,35,0,38,27,0,23,16,2,7,7,0,2,2,0,1,3,0,4,6,2,7,7,0,2,2,0,1,3,0,4,6,2,8,7,0,3,3,0,1,4,0,4,6,0.640401124954
apache1,110,4,110,57,0,59,35,0,17,13,0,34,21,4,7,7,0,2,2,0,2,6,0,3,6,4,8,7,0,3,3,0,2,6,0,3,6,4,8,7,0,3,3,0,2,7,0,3,6,0.589061975479
apache1,341,6,120,61,0,59,35,0,27,19,0,34,22,4,6,6,0,1,1,0,3,6,0,2,5,4,9,7,0,3,3,0,3,7,0,3,6,4,9,7,0,3,3,0,3,7,0,3,6,0.642431020737
apache1,281,4,124,61,0,59,35,0,20,15,0,45,29,3,6,6,0,1,1,0,2,5,0,3,6,4,9,7,0,3,3,0,3,7,0,3,6,4,9,7,0,3,3,0,3,7,0,3,6,0.702604055405
apache1,404,4,94,51,0,59,35,0,13,13,0,22,13,3,6,8,0,2,2,0,1,6,0,3,5,4,14,11,0,6,6,0,4,9,0,4,7,3,7,8,0,3,3,0,1,7,0,3,5,0.784805059433
apache1,367,3,124,61,0,59,35,0,46,31,0,19,14,2,6,6,0,1,1,0,2,4,0,3,6,3,9,7,0,3,3,0,3,6,0,3,6,3,9,7,0,3,3,0,3,6,0,3,6,0.711515903473
apache1,109,4,110,57,0,59,35,0,17,13,0,34,21,4,7,7,0,1,1,0,3,6,0,3,6,4,10,8,0,3,3,0,3,7,0,4,7,4,10,8,0,3,3,0,3,7,0,4,7,0.757998943329
apache1,308,7,124,61,0,59,35,0,21,20,0,44,31,5,7,7,0,2,2,0,2,6,0,3,7,5,8,7,0,3,3,0,2,6,0,3,7,5,8,7,0,3,3,0,2,6,0,3,7,0.572531938553
apache1,295,6,110,57,0,59,35,0,22,16,0,29,20,5,10,10,0,2,2,0,5,8,0,3,8,5,12,10,0,4,4,0,5,8,0,3,8,5,16,12,0,6,6,0,5,9,0,5,9,0.963850021362
apache1,415,4,124,61,0,59,35,0,44,29,0,21,13,4,9,7,0,3,3,0,3,6,0,3,6,4,11,7,0,4,4,0,3,6,0,4,6,4,10,7,0,4,4,0,3,7,0,3,6,0.757987976074
apache1,250,8,140,69,0,59,35,0,36,27,0,45,32,2,6,6,0,1,1,0,3,6,0,2,4,4,9,7,0,3,3,0,3,7,0,3,6,4,9,7,0,3,3,0,3,7,0,3,6,0.630318164825
apache1,207,5,140,69,0,59,35,0,39,30,0,42,29,2,6,6,0,1,1,0,2,4,0,3,6,3,9,7,0,3,3,0,3,6,0,3,6,3,9,7,0,3,3,0,3,6,0,3,6,0.63774394989
apache1,83,3,97,53,0,59,35,0,20,14,0,18,15,2,5,5,0,1,1,0,2,4,0,2,5,3,8,6,0,3,3,0,3,5,0,2,5,3,10,7,0,4,4,0,3,6,0,3,6,0.549270868301
apache1,342,6,120,61,0,59,35,0,28,19,0,33,21,4,6,6,0,1,1,0,3,6,0,2,5,4,9,7,0,3,3,0,3,7,0,3,6,4,9,7,0,3,3,0,3,7,0,3,6,0.6116771698
apache1,158,4,109,57,0,59,35,0,17,15,0,33,20,3,6,6,0,1,1,0,1,4,0,4,5,4,10,7,0,4,4,0,2,6,0,4,6,3,8,6,0,3,3,0,1,5,0,4,5,0.636656999588
apache1,270,9,120,61,0,59,35,0,31,23,0,30,21,3,7,7,0,2,2,0,3,7,0,2,6,3,8,7,0,3,3,0,3,7,0,2,6,3,8,7,0,3,3,0,3,7,0,2,6,0.604945898056
apache1,160,3,110,57,0,59,35,0,17,14,0,34,20,2,9,7,0,3,3,0,1,4,0,5,6,2,9,7,0,3,3,0,1,4,0,5,6,2,10,7,0,4,4,0,1,5,0,5,6,0.682844161987
apache1,241,8,144,69,0,59,35,0,40,30,0,45,32,2,6,6,0,1,1,0,3,6,0,2,4,4,9,7,0,3,3,0,3,7,0,3,6,4,9,7,0,3,3,0,3,7,0,3,6,0.692873001099
apache1,267,9,120,61,0,59,35,0,33,23,0,28,20,4,7,7,0,1,1,0,3,6,0,3,6,5,10,8,0,3,3,0,4,8,0,3,6,5,10,8,0,3,3,0,4,8,0,3,6,0.746279001236
apache1,417,4,110,57,0,59,35,0,29,21,0,22,15,4,9,9,0,2,2,0,4,8,0,3,6,4,15,11,0,6,6,0,6,9,0,3,6,4,10,9,0,3,3,0,4,9,0,3,6,0.946954011917
apache1,76,5,92,51,0,59,35,0,20,16,0,13,13,3,7,9,0,2,2,0,4,8,0,1,6,5,12,11,0,6,6,0,4,9,0,2,8,5,14,11,0,6,6,0,4,9,0,4,8,0.958928108215
apache1,421,6,120,61,0,59,35,0,39,28,0,22,17,4,7,7,0,2,2,0,2,7,0,3,6,4,8,7,0,3,3,0,2,7,0,3,6,4,8,7,0,3,3,0,2,7,0,3,6,0.583585977554
apache1,290,4,110,57,0,59,35,0,22,16,0,29,19,3,7,7,0,2,2,0,3,7,0,2,6,3,8,7,0,3,3,0,3,7,0,2,6,3,8,7,0,3,3,0,3,7,0,2,6,0.614938020706
apache1,204,5,110,57,0,59,35,0,22,15,0,29,19,4,7,7,0,1,1,0,3,5,0,3,7,5,10,8,0,3,3,0,4,7,0,3,7,5,10,8,0,3,3,0,4,7,0,3,7,0.641360998154
apache1,287,6,110,57,0,59,35,0,21,15,0,30,20,4,7,7,0,1,1,0,4,5,0,2,6,5,10,8,0,3,3,0,5,7,0,2,7,4,8,7,0,2,2,0,4,5,0,2,6,0.702492952347
apache1,418,6,110,57,0,59,35,0,28,21,0,23,17,4,7,7,0,2,2,0,3,7,0,2,6,4,8,7,0,3,3,0,3,7,0,2,6,4,8,7,0,3,3,0,3,7,0,2,6,0.66385102272
apache1,344,6,109,57,0,59,35,0,16,15,0,34,21,5,8,10,0,1,1,0,2,7,0,5,9,6,15,12,0,6,6,0,3,9,0,6,10,6,14,12,0,6,6,0,3,9,0,5,9,0.879384994507
apache1,77,5,100,53,0,59,35,0,22,14,0,19,12,3,7,7,0,2,2,0,3,6,0,2,5,3,8,7,0,3,3,0,3,6,0,2,6,3,8,7,0,3,3,0,3,6,0,2,5,0.553055047989
apache1,384,7,110,57,0,59,35,0,30,22,0,21,14,4,7,7,0,1,1,0,3,6,0,3,6,5,10,8,0,3,3,0,4,8,0,3,6,5,10,8,0,3,3,0,4,8,0,3,6,0.657409191132
apache1,296,5,97,53,0,59,35,0,22,15,0,16,15,5,7,9,0,1,1,0,4,7,0,2,7,5,11,10,0,4,4,0,4,8,0,3,8,5,15,12,0,6,6,0,4,9,0,5,9,0.824855089188
apache1,350,4,124,61,0,59,35,0,42,30,0,23,16,2,6,6,0,1,1,0,1,2,0,4,5,2,6,6,0,1,1,0,1,2,0,4,5,2,9,7,0,3,3,0,1,4,0,5,6,0.639816045761
apache1,155,4,110,57,0,59,35,0,17,14,0,34,20,4,8,6,0,2,2,0,2,6,0,4,5,4,11,7,0,4,4,0,2,7,0,5,6,4,11,7,0,4,4,0,2,7,0,5,6,0.777353048325
apache1,338,8,120,61,0,59,35,0,27,20,0,34,23,8,11,11,0,1,1,0,5,8,0,5,9,8,18,13,0,6,6,0,5,9,0,7,11,8,17,13,0,6,6,0,5,9,0,6,10,1.18193292618
apache1,216,9,120,61,0,59,35,0,32,23,0,29,21,6,10,8,0,1,1,0,5,7,0,4,6,7,14,9,0,4,4,0,6,9,0,4,6,7,14,9,0,4,4,0,6,9,0,4,6,0.929374933243
apache1,352,4,110,57,0,59,35,0,27,20,0,24,15,4,6,6,0,1,1,0,2,6,0,3,5,4,9,7,0,3,3,0,2,7,0,4,6,4,9,7,0,3,3,0,2,7,0,4,6,0.650389909744
apache1,366,6,120,61,0,59,35,0,40,28,0,21,15,3,7,7,0,1,1,0,1,5,0,5,6,3,8,7,0,2,2,0,1,5,0,5,6,4,10,8,0,3,3,0,2,8,0,5,6,0.868294000626
apache1,304,6,110,57,0,59,35,0,22,16,0,29,20,5,10,10,0,2,2,0,5,8,0,3,8,5,12,10,0,4,4,0,5,8,0,3,8,5,16,12,0,6,6,0,5,9,0,5,9,0.933920145035
apache1,385,5,110,57,0,59,35,0,32,22,0,19,13,4,7,7,0,1,1,0,4,6,0,2,5,5,10,8,0,3,3,0,5,8,0,2,6,4,8,7,0,2,2,0,4,6,0,2,5,0.654434919357
apache1,214,7,120,61,0,59,35,0,33,23,0,28,18,7,10,8,0,2,2,0,4,8,0,4,6,7,12,8,0,4,4,0,4,8,0,4,6,7,12,8,0,4,4,0,4,8,0,4,6,0.872066020966
apache1,294,6,110,57,0,59,35,0,22,16,0,29,20,4,6,6,0,1,1,0,3,5,0,2,6,5,9,7,0,3,3,0,4,7,0,2,6,5,9,7,0,3,3,0,4,7,0,2,6,0.703104019165
apache1,369,8,124,61,0,59,35,0,45,31,0,20,15,4,7,7,0,2,2,0,2,7,0,3,6,4,8,7,0,3,3,0,2,7,0,3,6,4,8,7,0,3,3,0,2,7,0,3,6,0.672889947891
apache1,209,7,144,69,0,59,35,0,41,31,0,44,32,2,6,6,0,1,1,0,2,4,0,3,6,3,9,7,0,3,3,0,3,6,0,3,6,3,9,7,0,3,3,0,3,6,0,3,6,0.65091085434
apache1,85,3,100,53,0,59,35,0,22,14,0,19,12,2,6,6,0,1,1,0,3,4,0,2,4,3,9,7,0,3,3,0,4,6,0,2,5,2,7,6,0,2,2,0,3,4,0,2,4,0.600556135178
apache1,16,5,120,61,0,59,35,0,32,20,0,29,20,3,9,7,0,2,2,0,5,7,0,2,5,3,11,7,0,4,4,0,5,7,0,2,5,3,11,7,0,4,4,0,5,7,0,2,5,0.799288034439
apache1,148,5,120,61,0,59,35,0,20,19,0,41,28,2,6,6,0,1,1,0,3,6,0,2,4,3,9,7,0,3,3,0,3,6,0,3,6,3,9,7,0,3,3,0,3,6,0,3,6,0.709134101868
apache1,182,4,120,61,0,59,35,0,17,18,0,44,28,4,10,8,0,3,3,0,2,7,0,5,6,4,11,8,0,4,4,0,2,7,0,5,6,4,11,8,0,4,4,0,2,7,0,5,6,0.867270946503
apache1,363,4,120,61,0,59,35,0,42,28,0,19,15,4,7,7,0,1,1,0,3,7,0,3,6,4,10,8,0,3,3,0,4,8,0,3,6,4,10,8,0,3,3,0,4,8,0,3,6,0.772242069244
apache1,288,6,110,57,0,59,35,0,21,16,0,30,20,2,6,6,0,1,1,0,3,5,0,2,6,3,9,7,0,3,3,0,4,7,0,2,6,3,9,7,0,3,3,0,4,7,0,2,6,0.66150021553
apache1,51,4,102,55,0,59,35,0,32,21,0,11,13,2,7,9,0,1,1,0,4,8,0,2,7,4,13,11,0,6,6,0,4,9,0,3,8,4,14,11,0,6,6,0,5,10,0,3,8,0.859220981598
apache1,156,4,110,57,0,59,35,0,20,15,0,31,20,3,6,6,0,1,1,0,3,6,0,2,6,3,9,7,0,3,3,0,4,7,0,2,6,3,9,7,0,3,3,0,4,7,0,2,6,0.675648927689
apache1,383,5,110,57,0,59,35,0,30,21,0,21,14,4,7,7,0,1,1,0,4,6,0,2,5,5,10,8,0,3,3,0,5,8,0,2,6,4,8,7,0,2,2,0,4,6,0,2,5,0.607870817184
apache1,309,6,120,61,0,59,35,0,21,16,0,40,26,4,7,7,0,2,2,0,2,7,0,3,6,4,8,7,0,3,3,0,2,7,0,3,6,4,8,7,0,3,3,0,2,7,0,3,6,0.642744064331
apache1,419,4,110,57,0,59,35,0,30,22,0,21,16,4,10,10,0,2,2,0,5,9,0,3,7,4,16,12,0,6,6,0,7,10,0,3,7,4,12,10,0,4,4,0,5,9,0,3,7,1.00048899651
apache1,252,8,144,69,0,59,35,0,40,30,0,45,32,2,6,6,0,1,1,0,3,6,0,2,4,4,9,7,0,3,3,0,3,7,0,3,6,4,9,7,0,3,3,0,3,7,0,3,6,0.717492103577
apache1,297,7,110,57,0,59,35,0,21,16,0,30,20,6,10,10,0,1,1,0,4,7,0,5,8,7,14,11,0,4,4,0,5,9,0,5,8,7,18,13,0,6,6,0,5,10,0,7,9,0.991027116776
apache1,50,4,107,57,0,59,35,0,32,21,0,16,15,2,6,6,0,1,1,0,3,5,0,2,5,2,8,6,0,3,3,0,3,5,0,2,5,4,10,7,0,4,4,0,3,7,0,3,6,0.611274003983
apache1,75,5,97,53,0,59,35,0,20,16,0,18,15,3,6,6,0,2,2,0,3,5,0,1,4,3,7,6,0,3,3,0,3,5,0,1,5,3,9,7,0,4,4,0,3,6,0,2,5,0.614310979843
apache1,289,6,110,57,0,59,35,0,21,16,0,30,20,2,6,6,0,1,1,0,3,5,0,2,6,3,9,7,0,3,3,0,4,7,0,2,6,3,9,7,0,3,3,0,4,7,0,2,6,0.661718130112
apache1,114,6,120,61,0,59,35,0,19,19,0,42,29,4,7,7,0,1,1,0,3,6,0,3,6,4,10,8,0,3,3,0,3,7,0,4,7,4,10,8,0,3,3,0,3,7,0,4,7,0.711362838745
apache1,217,7,120,61,0,59,35,0,32,23,0,29,19,5,9,7,0,2,2,0,3,7,0,4,6,5,11,7,0,4,4,0,3,7,0,4,6,5,11,7,0,4,4,0,3,7,0,4,6,0.824746131897
apache1,426,4,109,57,0,59,35,0,29,22,0,21,13,3,6,6,0,2,2,0,1,4,0,3,5,4,10,7,0,4,4,0,2,6,0,4,6,3,7,6,0,3,3,0,1,5,0,3,5,0.644175052643
apache1,234,9,120,61,0,59,35,0,32,23,0,29,21,6,9,7,0,1,1,0,4,6,0,4,6,7,13,8,0,4,4,0,5,8,0,4,6,7,13,8,0,4,4,0,5,8,0,4,6,0.8627409935
apache1,423,4,109,57,0,59,35,0,29,22,0,21,13,3,6,6,0,2,2,0,1,4,0,3,5,4,10,7,0,4,4,0,2,6,0,4,6,3,7,6,0,3,3,0,1,5,0,3,5,0.619029998779
apache1,403,6,141,69,0,59,35,0,37,26,0,45,32,4,7,7,0,2,2,0,2,7,0,3,6,4,8,7,0,3,3,0,2,7,0,3,6,4,8,7,0,3,3,0,2,7,0,3,6,0.679738998413
apache1,364,8,120,61,0,59,35,0,41,28,0,20,15,4,7,7,0,2,2,0,2,7,0,3,6,4,8,7,0,3,3,0,2,7,0,3,6,4,8,7,0,3,3,0,2,7,0,3,6,0.595464944839
apache1,424,4,120,61,0,59,35,0,38,27,0,23,16,2,7,7,0,2,2,0,1,3,0,4,6,2,7,7,0,2,2,0,1,3,0,4,6,2,8,7,0,3,3,0,1,4,0,4,6,0.612831115723
apache1,159,4,104,55,0,59,35,0,12,13,0,33,20,3,7,9,0,1,1,0,1,6,0,5,8,4,14,11,0,6,6,0,2,8,0,6,9,4,13,11,0,6,6,0,2,9,0,5,8,0.794234991074
apache1,212,7,120,61,0,59,35,0,31,21,0,30,19,2,6,6,0,1,1,0,3,4,0,2,4,3,9,7,0,3,3,0,4,6,0,2,5,2,7,6,0,2,2,0,3,4,0,2,4,0.647530078888
apache1,393,6,110,57,0,59,35,0,22,16,0,29,20,5,10,10,0,2,2,0,5,8,0,3,8,5,12,10,0,4,4,0,5,8,0,3,8,5,16,12,0,6,6,0,5,9,0,5,9,0.969507932663
apache1,128,5,140,69,0,59,35,0,42,33,0,39,28,3,7,7,0,1,1,0,3,6,0,3,6,3,10,8,0,3,3,0,4,7,0,3,7,3,10,8,0,3,3,0,4,7,0,3,7,0.745995998383
apache1,269,7,120,61,0,59,35,0,32,22,0,29,19,4,6,6,0,1,1,0,2,5,0,3,6,5,9,7,0,3,3,0,3,7,0,3,6,5,9,7,0,3,3,0,3,7,0,3,6,0.624413013458
apache1,272,9,120,61,0,59,35,0,33,24,0,28,19,7,11,11,0,2,2,0,4,10,0,5,8,7,15,12,0,6,6,0,4,10,0,5,8,7,16,12,0,6,6,0,5,11,0,5,8,0.96814084053
apache1,52,3,120,61,0,59,35,0,30,19,0,31,20,2,8,6,0,1,1,0,5,5,0,2,4,3,12,7,0,4,4,0,6,7,0,2,5,2,10,6,0,3,3,0,5,5,0,2,4,0.706094026566
apache1,274,7,144,69,0,59,35,0,39,32,0,46,31,3,7,7,0,2,2,0,2,6,0,3,6,3,8,7,0,3,3,0,2,6,0,3,6,3,8,7,0,3,3,0,2,6,0,3,6,0.651373147964
apache1,71,4,124,61,0,59,35,0,19,14,0,46,29,4,9,7,0,3,3,0,3,7,0,3,6,4,10,7,0,4,4,0,3,7,0,3,6,4,10,7,0,4,4,0,3,7,0,3,6,0.714413166046
apache1,349,4,120,61,0,59,35,0,38,27,0,23,16,2,6,6,0,1,1,0,1,2,0,4,5,2,6,6,0,1,1,0,1,2,0,4,5,2,9,7,0,3,3,0,1,4,0,5,6,0.590896844864
apache1,70,4,110,57,0,59,35,0,20,15,0,31,20,3,9,7,0,3,3,0,4,7,0,2,5,3,10,7,0,4,4,0,4,7,0,2,6,3,10,7,0,4,4,0,4,7,0,2,5,0.718379974365
apache1,371,6,124,61,0,59,35,0,44,31,0,21,15,3,7,7,0,1,1,0,1,5,0,5,6,3,8,7,0,2,2,0,1,5,0,5,6,4,10,8,0,3,3,0,2,8,0,5,6,0.645555973053
apache1,301,8,110,57,0,59,35,0,22,17,0,29,20,5,10,10,0,2,2,0,4,8,0,4,8,5,12,10,0,4,4,0,4,8,0,4,8,5,16,12,0,6,6,0,4,9,0,6,9,0.909548997879
apache1,328,9,140,69,0,59,35,0,40,30,0,41,27,3,7,7,0,1,1,0,4,6,0,2,6,5,10,8,0,3,3,0,4,7,0,3,7,5,10,8,0,3,3,0,4,7,0,3,7,0.714151144028
apache1,343,7,120,61,0,59,35,0,26,20,0,35,23,4,7,7,0,2,2,0,2,7,0,3,6,4,8,7,0,3,3,0,2,7,0,3,6,4,8,7,0,3,3,0,2,7,0,3,6,0.579787015915
apache1,392,7,110,57,0,59,35,0,22,16,0,29,19,6,7,7,0,1,1,0,3,6,0,3,6,7,10,8,0,3,3,0,4,8,0,3,6,7,10,8,0,3,3,0,4,8,0,3,6,0.717637062073
apache1,286,5,110,57,0,59,35,0,21,15,0,30,19,4,7,7,0,1,1,0,4,6,0,2,5,5,10,8,0,3,3,0,5,8,0,2,6,4,8,7,0,2,2,0,4,6,0,2,5,0.641284942627
apache1,72,8,120,61,0,59,35,0,21,20,0,40,27,6,10,8,0,3,3,0,3,8,0,4,6,6,11,8,0,4,4,0,3,8,0,4,6,6,11,8,0,4,4,0,3,8,0,4,6,0.791364908218
apache1,391,4,110,57,0,59,35,0,22,16,0,29,19,3,7,7,0,2,2,0,3,7,0,2,6,3,8,7,0,3,3,0,3,7,0,2,6,3,8,7,0,3,3,0,3,7,0,2,6,0.592757940292
apache1,402,7,141,69,0,59,35,0,39,27,0,43,31,3,7,7,0,1,1,0,4,6,0,2,6,5,10,8,0,3,3,0,4,7,0,3,7,5,10,8,0,3,3,0,4,7,0,3,7,0.767306089401
apache1,291,7,110,57,0,59,35,0,22,16,0,29,19,6,7,7,0,1,1,0,3,6,0,3,6,7,10,8,0,3,3,0,4,8,0,3,6,7,10,8,0,3,3,0,4,8,0,3,6,0.683310985565
apache1,379,5,110,57,0,59,35,0,31,22,0,20,14,4,7,7,0,1,1,0,3,6,0,3,6,5,10,8,0,3,3,0,4,8,0,3,6,5,10,8,0,3,3,0,4,8,0,3,6,0.663504123688
apache1,248,6,120,61,0,59,35,0,28,20,0,33,22,6,9,7,0,1,1,0,4,6,0,4,6,6,13,8,0,4,4,0,4,7,0,5,7,6,13,8,0,4,4,0,4,7,0,5,7,0.840286970139
apache1,265,9,120,61,0,59,35,0,33,24,0,28,20,8,11,11,0,1,1,0,5,9,0,5,8,9,17,13,0,6,6,0,6,11,0,5,8,9,18,13,0,6,6,0,7,12,0,5,8,1.0871860981
apache1,143,4,110,57,0,59,35,0,19,14,0,32,19,2,6,6,0,1,1,0,3,6,0,2,4,4,9,7,0,3,3,0,3,7,0,3,6,4,9,7,0,3,3,0,3,7,0,3,6,0.623161077499
apache1,112,4,124,61,0,59,35,0,17,14,0,48,31,4,7,7,0,1,1,0,3,6,0,3,6,4,10,8,0,3,3,0,3,7,0,4,7,4,10,8,0,3,3,0,3,7,0,4,7,0.733430862427
apache1,413,4,120,61,0,59,35,0,40,26,0,21,13,4,9,7,0,3,3,0,3,6,0,3,6,4,11,7,0,4,4,0,3,6,0,4,6,4,10,7,0,4,4,0,3,7,0,3,6,0.7356569767
apache1,235,6,120,61,0,59,35,0,27,19,0,34,23,4,9,9,0,1,1,0,5,8,0,3,7,4,16,11,0,6,6,0,5,9,0,5,9,4,15,11,0,6,6,0,5,9,0,4,8,0.927488088608
apache1,416,4,110,57,0,59,35,0,29,20,0,22,15,4,7,7,0,2,2,0,2,6,0,3,6,4,8,7,0,3,3,0,2,6,0,3,6,4,8,7,0,3,3,0,2,7,0,3,6,0.605181932449
apache1,305,5,97,53,0,59,35,0,22,15,0,16,15,5,7,9,0,1,1,0,4,7,0,2,7,5,11,10,0,4,4,0,4,8,0,3,8,5,15,12,0,6,6,0,4,9,0,5,9,0.882894039154
apache1,186,4,100,53,0,59,35,0,17,12,0,24,14,4,7,7,0,2,2,0,2,6,0,3,6,4,8,7,0,3,3,0,2,6,0,3,6,4,8,7,0,3,3,0,2,7,0,3,6,0.576169013977
apache1,205,3,124,61,0,59,35,0,21,15,0,44,29,2,7,7,0,1,1,0,4,5,0,2,5,3,10,8,0,3,3,0,5,7,0,2,6,2,8,7,0,2,2,0,4,5,0,2,5,0.675583124161
apache1,236,6,120,61,0,59,35,0,28,20,0,33,22,6,8,6,0,1,1,0,4,6,0,3,5,6,12,7,0,4,4,0,4,7,0,4,6,6,12,7,0,4,4,0,4,7,0,4,6,0.843750953674
apache1,337,8,120,61,0,59,35,0,27,20,0,34,23,8,10,10,0,1,1,0,5,8,0,4,8,8,17,12,0,6,6,0,5,9,0,6,10,8,16,12,0,6,6,0,5,9,0,5,9,1.09066605568
apache1,206,4,120,61,0,59,35,0,21,19,0,40,28,2,7,7,0,1,1,0,4,5,0,2,5,4,10,8,0,3,3,0,5,6,0,2,7,2,8,7,0,2,2,0,4,5,0,2,5,0.725082874298
apache1,400,6,137,69,0,59,35,0,36,26,0,42,28,4,7,7,0,2,2,0,2,7,0,3,6,4,8,7,0,3,3,0,2,7,0,3,6,4,8,7,0,3,3,0,2,7,0,3,6,0.763010978699
apache1,347,8,144,69,0,59,35,0,41,31,0,44,32,4,7,7,0,2,2,0,2,6,0,3,6,4,8,7,0,3,3,0,2,6,0,3,6,4,8,7,0,3,3,0,2,7,0,3,6,0.69285607338
apache1,277,4,120,61,0,59,35,0,20,15,0,41,26,3,6,6,0,1,1,0,2,5,0,3,6,4,9,7,0,3,3,0,3,7,0,3,6,4,9,7,0,3,3,0,3,7,0,3,6,0.656795978546
apache1,380,4,110,57,0,59,35,0,32,22,0,19,14,3,10,10,0,2,2,0,6,9,0,2,6,3,16,12,0,6,6,0,8,10,0,2,6,3,11,10,0,3,3,0,6,9,0,2,6,0.951329231262
apache1,140,4,120,61,0,59,35,0,29,19,0,32,20,4,6,6,0,1,1,0,3,6,0,2,5,4,9,7,0,3,3,0,3,7,0,3,6,4,9,7,0,3,3,0,3,7,0,3,6,0.63658118248
apache1,145,5,124,61,0,59,35,0,20,20,0,45,32,5,7,7,0,2,2,0,2,6,0,3,7,5,8,7,0,3,3,0,2,6,0,3,7,5,8,7,0,3,3,0,2,6,0,3,7,0.578635931015
apache1,335,8,140,69,0,59,35,0,37,28,0,44,32,4,7,7,0,2,2,0,2,6,0,3,6,4,8,7,0,3,3,0,2,6,0,3,6,4,8,7,0,3,3,0,2,7,0,3,6,0.720525026321
apache1,401,5,141,69,0,59,35,0,38,25,0,44,29,3,7,7,0,1,1,0,4,6,0,2,6,5,10,8,0,3,3,0,4,7,0,3,7,5,10,8,0,3,3,0,4,7,0,3,7,0.811697006226
apache1,357,6,137,69,0,59,35,0,38,28,0,40,28,2,6,6,0,1,1,0,3,6,0,2,4,4,9,7,0,3,3,0,3,7,0,3,6,4,9,7,0,3,3,0,3,7,0,3,6,0.731691122055
apache1,243,6,120,61,0,59,35,0,26,19,0,35,23,6,10,10,0,1,1,0,5,8,0,4,8,6,17,12,0,6,6,0,5,9,0,6,10,6,16,12,0,6,6,0,5,9,0,5,9,1.12642002106
apache1,389,6,124,61,0,59,35,0,22,16,0,43,29,4,7,7,0,2,2,0,3,7,0,2,6,4,8,7,0,3,3,0,3,7,0,2,6,4,8,7,0,3,3,0,3,7,0,2,6,0.656713962555
apache1,271,6,107,57,0,59,35,0,33,22,0,15,14,4,8,10,0,1,1,0,4,9,0,3,7,6,14,12,0,6,6,0,4,10,0,4,8,6,15,12,0,6,6,0,5,11,0,4,8,0.869807004929
apache1,390,7,110,57,0,59,35,0,21,16,0,30,19,4,7,7,0,1,1,0,3,6,0,3,6,5,10,8,0,3,3,0,4,8,0,3,6,5,10,8,0,3,3,0,4,8,0,3,6,0.644521951675
apache1,377,6,110,57,0,59,35,0,31,23,0,20,15,3,7,7,0,2,2,0,3,7,0,2,6,3,8,7,0,3,3,0,3,7,0,2,6,3,8,7,0,3,3,0,3,7,0,2,6,0.633936882019
apache1,374,5,110,57,0,59,35,0,31,23,0,20,14,4,7,7,0,1,1,0,3,6,0,3,6,5,10,8,0,3,3,0,4,8,0,3,6,5,10,8,0,3,3,0,4,8,0,3,6,0.687664985657
apache1,382,4,110,57,0,59,35,0,33,23,0,18,14,3,7,7,0,2,2,0,4,7,0,1,3,3,8,7,0,3,3,0,4,7,0,1,4,3,7,7,0,2,2,0,4,7,0,1,3,0.538144111633
apache1,211,7,120,61,0,59,35,0,33,23,0,28,19,6,10,10,0,1,1,0,4,8,0,5,8,7,16,12,0,6,6,0,5,10,0,5,8,7,17,12,0,6,6,0,6,11,0,5,8,1.04326820374
apache1,414,4,124,61,0,59,35,0,42,30,0,23,16,2,7,7,0,2,2,0,1,3,0,4,6,2,7,7,0,2,2,0,1,3,0,4,6,2,8,7,0,3,3,0,1,4,0,4,6,0.583781957626
apache1,106,4,100,53,0,59,35,0,17,12,0,24,14,4,6,6,0,1,1,0,2,5,0,3,5,4,7,6,0,2,2,0,2,5,0,3,5,4,9,7,0,3,3,0,2,7,0,4,6,0.585714101791
apache1,249,6,120,61,0,59,35,0,28,20,0,33,23,4,9,7,0,2,2,0,4,7,0,3,6,4,11,7,0,4,4,0,4,7,0,3,6,4,11,7,0,4,4,0,4,7,0,3,6,0.836834907532
apache1,255,8,140,69,0,59,35,0,36,27,0,45,32,2,6,6,0,1,1,0,3,6,0,2,4,4,9,7,0,3,3,0,3,7,0,3,6,4,9,7,0,3,3,0,3,7,0,3,6,0.703423976898
apache1,275,9,140,69,0,59,35,0,40,32,0,41,29,3,7,7,0,2,2,0,2,6,0,3,6,3,8,7,0,3,3,0,2,6,0,3,6,3,8,7,0,3,3,0,2,6,0,3,6,0.652082204819
apache1,336,4,120,61,0,59,35,0,38,27,0,23,16,2,6,6,0,1,1,0,1,2,0,4,5,2,6,6,0,1,1,0,1,2,0,4,5,2,9,7,0,3,3,0,1,4,0,5,6,0.629195928574
apache1,332,9,144,69,0,59,35,0,40,30,0,45,30,3,7,7,0,1,1,0,4,6,0,2,6,5,10,8,0,3,3,0,4,7,0,3,7,5,10,8,0,3,3,0,4,7,0,3,7,0.773917913437
apache1,368,4,124,61,0,59,35,0,46,31,0,19,15,4,7,7,0,1,1,0,3,7,0,3,6,4,10,8,0,3,3,0,4,8,0,3,6,4,10,8,0,3,3,0,4,8,0,3,6,0.706387996674
apache1,266,8,120,61,0,59,35,0,29,22,0,32,21,3,6,6,0,1,1,0,2,5,0,3,6,4,9,7,0,3,3,0,3,7,0,3,6,4,9,7,0,3,3,0,3,7,0,3,6,0.688369989395
apache1,115,8,120,61,0,59,35,0,19,20,0,42,30,4,7,7,0,1,1,0,2,5,0,4,6,4,8,7,0,2,2,0,2,5,0,4,6,4,10,8,0,3,3,0,2,7,0,5,7,0.685154914856
apache1,113,6,120,61,0,59,35,0,19,19,0,42,29,4,7,7,0,2,2,0,2,6,0,3,6,4,8,7,0,3,3,0,2,6,0,3,6,4,8,7,0,3,3,0,2,7,0,3,6,0.607002973557
apache1,81,3,107,57,0,59,35,0,19,14,0,29,22,2,5,5,0,1,1,0,2,4,0,2,5,3,8,6,0,3,3,0,3,5,0,2,5,3,10,7,0,4,4,0,3,6,0,3,6,0.627970933914
apache1,84,3,92,51,0,59,35,0,20,14,0,13,13,2,5,7,0,1,1,0,2,4,0,2,7,3,8,8,0,3,3,0,3,5,0,2,7,3,14,11,0,6,6,0,3,7,0,5,9,0.732066869736
apache1,220,11,141,69,0,59,35,0,38,28,0,44,34,4,9,7,0,1,1,0,5,6,0,3,5,5,12,8,0,3,3,0,6,8,0,3,5,5,13,8,0,4,4,0,6,8,0,3,5,0.91440486908
apache1,375,5,110,57,0,59,35,0,33,23,0,18,14,4,6,6,0,1,1,0,3,5,0,2,6,5,9,7,0,3,3,0,4,7,0,2,6,5,9,7,0,3,3,0,4,7,0,2,6,0.645565032959
apache1,218,8,141,69,0,59,35,0,40,30,0,42,30,3,7,7,0,1,1,0,3,6,0,3,6,4,10,8,0,3,3,0,4,8,0,3,6,4,10,8,0,3,3,0,4,8,0,3,6,0.800182104111
apache1,111,8,124,61,0,59,35,0,19,20,0,46,34,4,7,7,0,2,2,0,2,6,0,3,6,4,8,7,0,3,3,0,2,6,0,3,6,4,8,7,0,3,3,0,2,7,0,3,6,0.704399108887
apache1,346,6,120,61,0,59,35,0,27,19,0,34,22,6,11,12,0,2,2,0,4,9,0,5,10,6,16,13,0,6,6,0,4,9,0,6,11,6,15,13,0,6,6,0,4,9,0,5,10,1.10046005249
apache1,293,6,110,57,0,59,35,0,22,16,0,29,20,4,6,6,0,1,1,0,3,5,0,2,6,5,9,7,0,3,3,0,4,7,0,2,6,5,9,7,0,3,3,0,4,7,0,2,6,0.632785081863
apache1,239,8,140,69,0,59,35,0,36,27,0,45,32,2,6,6,0,1,1,0,3,6,0,2,4,4,9,7,0,3,3,0,3,7,0,3,6,4,9,7,0,3,3,0,3,7,0,3,6,0.721950054169
apache1,172,5,144,69,0,59,35,0,42,33,0,43,31,3,7,7,0,1,1,0,3,6,0,3,6,3,10,8,0,3,3,0,4,7,0,3,7,3,10,8,0,3,3,0,4,7,0,3,7,0.832023859024
apache1,213,7,120,61,0,59,35,0,32,23,0,29,19,4,9,9,0,1,1,0,3,8,0,5,8,5,15,11,0,6,6,0,4,10,0,5,8,5,16,11,0,6,6,0,5,10,0,5,8,1.05644011497
apache1,370,4,124,61,0,59,35,0,44,30,0,21,15,2,6,6,0,1,1,0,1,5,0,4,6,2,9,7,0,3,3,0,2,6,0,4,6,2,9,7,0,3,3,0,2,6,0,4,6,0.602121114731
apache1,381,6,110,57,0,59,35,0,31,23,0,20,15,3,7,7,0,2,2,0,3,7,0,2,6,3,8,7,0,3,3,0,3,7,0,2,6,3,8,7,0,3,3,0,3,7,0,2,6,0.628338813782
apache1,365,6,120,61,0,59,35,0,42,29,0,19,15,4,7,7,0,1,1,0,2,7,0,4,6,4,10,8,0,3,3,0,3,8,0,4,6,4,10,8,0,3,3,0,3,8,0,4,6,0.691042900085
apache1,292,7,110,57,0,59,35,0,22,16,0,29,19,6,7,7,0,1,1,0,3,6,0,3,6,7,10,8,0,3,3,0,4,8,0,3,6,7,10,8,0,3,3,0,4,8,0,3,6,0.719992876053
apache1,280,6,120,61,0,59,35,0,21,16,0,40,26,4,7,7,0,2,2,0,2,7,0,3,6,4,8,7,0,3,3,0,2,7,0,3,6,4,8,7,0,3,3,0,2,7,0,3,6,0.606947898865
apache1,176,3,107,57,0,59,35,0,19,14,0,29,22,2,5,5,0,1,1,0,2,4,0,2,5,3,8,6,0,3,3,0,3,5,0,2,5,3,10,7,0,4,4,0,3,6,0,3,6,0.559089899063
apache1,78,3,110,57,0,59,35,0,20,14,0,31,19,2,8,6,0,2,2,0,2,4,0,4,6,3,11,7,0,4,4,0,3,6,0,4,6,3,11,7,0,4,4,0,3,6,0,4,6,0.747491121292
apache1,215,6,107,57,0,59,35,0,33,22,0,15,14,4,7,7,0,1,1,0,3,7,0,3,5,6,11,8,0,4,4,0,3,8,0,4,6,6,11,8,0,4,4,0,3,8,0,4,6,0.725391864777
apache1,142,5,110,57,0,59,35,0,19,15,0,32,20,4,10,10,0,2,2,0,2,7,0,6,8,4,12,10,0,4,4,0,2,7,0,6,8,4,16,12,0,6,6,0,2,8,0,8,9,0.969856977463
apache1,245,6,120,61,0,59,35,0,28,19,0,33,22,4,9,9,0,1,1,0,5,8,0,3,7,4,16,11,0,6,6,0,5,9,0,5,9,4,15,11,0,6,6,0,5,9,0,4,8,0.986572980881
apache1,409,4,113,57,0,59,35,0,33,25,0,21,13,3,6,6,0,2,2,0,1,4,0,3,5,4,10,7,0,4,4,0,2,6,0,4,6,3,7,6,0,3,3,0,1,5,0,3,5,0.633512020111
apache1,331,4,120,61,0,59,35,0,38,27,0,23,16,2,6,6,0,1,1,0,1,2,0,4,5,2,6,6,0,1,1,0,1,2,0,4,5,2,9,7,0,3,3,0,1,4,0,5,6,0.583651065826
apache1,175,6,107,57,0,59,35,0,19,17,0,29,23,2,7,7,0,2,2,0,3,7,0,2,5,4,10,8,0,4,4,0,3,8,0,3,6,4,10,8,0,4,4,0,3,8,0,3,6,0.73673915863
apache1,107,6,110,57,0,59,35,0,17,14,0,34,21,6,9,9,0,1,1,0,3,7,0,5,7,6,13,10,0,4,4,0,3,8,0,6,8,6,17,12,0,6,6,0,3,9,0,8,9,1.01535010338
apache1,298,8,110,57,0,59,35,0,21,16,0,30,21,6,10,10,0,1,1,0,4,6,0,5,9,7,14,11,0,4,4,0,5,8,0,5,9,7,18,13,0,6,6,0,5,9,0,7,10,1.00309085846
apache1,299,6,110,57,0,59,35,0,22,16,0,29,20,4,9,9,0,1,1,0,4,6,0,4,8,5,13,10,0,4,4,0,5,8,0,4,8,5,17,12,0,6,6,0,5,9,0,6,9,0.979977846146
apache1,303,6,144,69,0,59,35,0,41,32,0,44,30,3,7,7,0,1,1,0,2,6,0,4,6,4,10,8,0,3,3,0,3,8,0,4,6,4,10,8,0,3,3,0,3,8,0,4,6,0.776901006699
apache1,264,8,120,61,0,59,35,0,32,23,0,29,20,7,10,10,0,1,1,0,3,8,0,6,8,8,16,12,0,6,6,0,4,10,0,6,8,8,17,12,0,6,6,0,5,11,0,6,8,1.10727596283
apache1,348,8,140,69,0,59,35,0,37,30,0,44,28,4,7,7,0,2,2,0,2,7,0,3,6,4,8,7,0,3,3,0,2,7,0,3,6,4,8,7,0,3,3,0,2,7,0,3,6,0.668454885483
apache1,285,7,124,61,0,59,35,0,21,20,0,44,31,5,7,7,0,2,2,0,2,6,0,3,7,5,8,7,0,3,3,0,2,6,0,3,7,5,8,7,0,3,3,0,2,6,0,3,7,0.655113935471
apache1,373,5,110,57,0,59,35,0,32,22,0,19,14,5,9,9,0,1,1,0,5,8,0,3,7,5,17,12,0,6,6,0,8,10,0,3,7,5,12,10,0,3,3,0,6,9,0,3,7,0.952133893967
apache1,184,4,120,61,0,59,35,0,17,18,0,44,28,2,9,7,0,2,2,0,2,6,0,5,5,4,12,8,0,4,4,0,2,7,0,6,6,4,12,8,0,4,4,0,2,7,0,6,6,0.734261989594
apache1,300,6,110,57,0,59,35,0,22,16,0,29,20,4,9,9,0,1,1,0,4,6,0,4,8,5,13,10,0,4,4,0,5,8,0,4,8,5,17,12,0,6,6,0,5,9,0,6,9,0.905478000641
apache1,394,5,97,53,0,59,35,0,22,15,0,16,15,5,7,9,0,1,1,0,4,7,0,2,7,5,11,10,0,4,4,0,4,8,0,3,8,5,15,12,0,6,6,0,4,9,0,5,9,0.912641048431
apache1,268,6,120,61,0,59,35,0,32,23,0,29,19,3,6,6,0,1,1,0,1,5,0,4,6,4,9,7,0,3,3,0,2,7,0,4,6,4,9,7,0,3,3,0,2,7,0,4,6,0.657350063324
apache1,399,9,137,69,0,59,35,0,38,29,0,40,28,3,7,7,0,1,1,0,3,6,0,3,6,3,10,8,0,3,3,0,3,7,0,4,7,3,10,8,0,3,3,0,3,7,0,4,7,0.766979932785
apache1,411,4,109,57,0,59,35,0,29,22,0,21,13,3,6,6,0,2,2,0,1,4,0,3,5,4,10,7,0,4,4,0,2,6,0,4,6,3,7,6,0,3,3,0,1,5,0,3,5,0.669909000397
apache1,345,8,120,61,0,59,35,0,27,20,0,34,24,6,11,11,0,2,2,0,5,9,0,4,9,6,16,12,0,6,6,0,5,9,0,5,10,6,15,12,0,6,6,0,5,9,0,4,9,1.03915905952
apache1,282,4,124,61,0,59,35,0,20,16,0,45,30,3,7,7,0,1,1,0,3,6,0,3,6,4,10,8,0,3,3,0,4,8,0,3,6,4,10,8,0,3,3,0,4,8,0,3,6,0.749195098877
apache1,372,3,110,57,0,59,35,0,31,21,0,20,14,2,6,6,0,1,1,0,2,4,0,3,6,3,9,7,0,3,3,0,3,6,0,3,6,3,9,7,0,3,3,0,3,6,0,3,6,0.625360965729
apache1,334,8,144,69,0,59,35,0,41,31,0,44,32,4,7,7,0,2,2,0,2,6,0,3,6,4,8,7,0,3,3,0,2,6,0,3,6,4,8,7,0,3,3,0,2,7,0,3,6,0.607583999634
apache2,22,4,171,90,0,65,38,0,16,17,0,90,58,0,4,7,-1,0,0,0,4,7,-1,0,0,2,8,7,0,1,1,0,5,7,0,2,5,0,4,7,-1,0,0,0,4,7,-1,0,0,0.600358009338
apache2,17,4,102,55,0,65,38,0,21,18,0,16,12,0,4,7,-1,0,0,0,4,7,-1,0,0,2,8,7,0,1,1,0,5,7,0,2,5,0,4,7,-1,0,0,0,4,7,-1,0,0,0.481028079987
apache2,18,3,78,43,0,65,38,0,8,7,0,5,7,1,4,7,-1,0,0,0,1,4,0,3,7,3,7,7,0,1,1,0,3,4,0,3,7,2,6,7,-1,0,0,0,3,6,0,3,7,0.458080053329
apache2,16,2,78,43,0,65,38,0,6,5,0,7,7,0,4,7,-1,0,0,-1,0,0,0,4,7,0,4,7,-1,0,0,-1,0,0,0,4,7,2,8,7,0,1,1,0,2,5,0,5,7,0.481551170349
apache2,19,4,171,90,0,65,38,0,14,13,0,92,61,1,4,7,-1,0,0,0,1,4,0,3,7,1,5,7,-1,0,0,0,2,4,0,3,7,4,8,7,0,1,1,0,3,6,0,4,7,0.63954615593
apache2,21,4,171,90,0,65,38,0,94,61,0,12,15,0,4,7,-1,0,0,-1,0,0,0,4,7,0,4,7,-1,0,0,-1,0,0,0,4,7,2,8,7,0,1,1,0,3,5,0,4,7,0.573921203613
apache2,20,4,171,90,0,65,38,0,90,58,0,16,17,0,4,7,-1,0,0,-1,0,0,0,4,7,0,4,7,-1,0,0,-1,0,0,0,4,7,2,8,7,0,1,1,0,2,5,0,5,7,0.580984115601
apache2,15,5,102,55,0,65,38,0,17,15,0,20,19,1,4,7,-1,0,0,0,3,7,0,1,4,3,8,7,0,1,1,0,6,7,0,1,6,2,5,7,-1,0,0,0,4,7,0,1,4,0.551727056503
bankaccount,17,6,99,22,0,37,16,0,36,14,0,26,12,5,23,18,0,6,5,0,13,13,0,4,13,6,36,16,0,9,9,0,24,11,0,3,15,3,16,15,0,8,8,0,5,11,0,3,9,1.95616984367
bankaccount,18,7,99,22,0,37,16,0,36,14,0,26,12,6,19,17,0,5,4,0,5,12,0,9,11,5,15,13,0,6,6,0,4,9,0,5,11,6,26,14,0,8,8,0,3,12,0,15,9,1.63114118576
bankaccount,16,6,99,22,0,37,16,0,36,14,0,26,12,5,23,18,0,6,5,0,13,13,0,4,13,6,36,16,0,9,9,0,24,11,0,3,15,3,16,15,0,8,8,0,5,11,0,3,9,1.93975782394
bankaccount,19,6,98,22,0,37,16,0,36,14,0,25,11,4,21,16,0,6,5,0,13,13,0,2,9,6,35,15,0,9,9,0,24,11,0,2,14,2,10,12,0,5,5,0,5,11,-1,0,0,1.74625205994
bankaccount,5,5,98,22,0,37,16,0,35,13,0,26,12,4,17,15,0,5,4,0,3,9,0,9,11,2,8,10,0,4,4,-1,0,0,0,4,9,4,25,12,0,8,8,0,1,9,0,16,9,1.28061509132
bluetooth,6,5,21,10,0,10,8,0,5,6,0,6,6,1,2,4,-1,0,0,0,1,3,0,1,2,3,6,6,0,2,2,0,3,5,0,1,4,2,4,5,0,1,1,0,1,3,0,2,3,0.341295957565
pool,131,4,518,162,0,118,33,0,182,71,0,218,77,0,2,3,-1,0,0,-1,0,0,0,2,3,0,2,3,-1,0,0,-1,0,0,0,2,3,4,88,66,0,7,9,0,12,37,0,69,40,5.88278603554
pool,137,3,518,162,0,118,33,0,207,77,0,193,71,0,2,4,-1,0,0,0,2,4,-1,0,0,3,75,68,0,7,9,0,56,43,0,12,33,0,2,4,-1,0,0,0,2,4,-1,0,0,4.99853301048
pool,130,4,518,162,0,118,33,0,182,71,0,218,77,0,2,4,-1,0,0,-1,0,0,0,2,4,0,2,4,-1,0,0,-1,0,0,0,2,4,4,88,68,0,7,9,0,12,37,0,69,43,5.51446318626
pool,143,4,471,147,0,118,33,0,182,71,0,171,62,0,2,4,-1,0,0,-1,0,0,0,2,4,0,2,4,-1,0,0,-1,0,0,0,2,4,4,88,68,0,7,9,0,12,37,0,69,43,5.53354501724
pool,152,3,471,147,0,118,33,0,160,62,0,193,71,0,2,3,-1,0,0,0,2,3,-1,0,0,3,75,66,0,7,9,0,56,40,0,12,33,0,2,3,-1,0,0,0,2,3,-1,0,0,4.43009090424
pool,138,3,518,162,0,118,33,0,207,77,0,193,71,0,2,3,-1,0,0,0,2,3,-1,0,0,3,75,66,0,7,9,0,56,40,0,12,33,0,2,3,-1,0,0,0,2,3,-1,0,0,4.52841997147
pool,149,3,471,147,0,118,33,0,160,62,0,193,71,0,2,4,-1,0,0,0,2,4,-1,0,0,3,75,68,0,7,9,0,56,43,0,12,33,0,2,4,-1,0,0,0,2,4,-1,0,0,4.44954180717
pool,146,4,471,147,0,118,33,0,182,71,0,171,62,0,2,3,-1,0,0,-1,0,0,0,2,3,0,2,3,-1,0,0,-1,0,0,0,2,3,4,88,66,0,7,9,0,12,37,0,69,40,5.35520792007
deadlock,9,5,29,7,0,13,7,0,8,7,0,8,6,1,2,5,-1,0,0,0,1,4,0,1,4,2,8,6,0,2,4,0,2,4,0,4,5,2,6,6,-1,0,0,0,4,6,0,2,4,0.437127113342
