# Options: --keepunused --dodsnsmt --runsmtanalysistype=binarysearch --smtmultithread=allthreads --smtcalcstats --hazardsensitivewaw --toposortinput --nointrathreadhazard
# Format: Benchmark,Trace,Initial-CSs,Initial-Stmts,Initial-Vars,Init0-CSs,Init0-Stmts,Init0-Vars,Init1-CSs,Init1-Stmts,Init1-Vars,Init2-CSs,Init2-Stmts,Init2-Vars,Reduced-CSs,Reduced-Stmts,Reduced-Vars,slice0-CSs,slice0-Stmts,slice0-Vars,slice1-CSs,slice1-Stmts,slice1-Vars,slice2-CSs,slice2-Stmts,slice2-Vars,Time[s]
apache1,353,4,110,57,0,59,35,0,29,21,0,22,15,2,9,8,0,2,2,0,5,8,0,2,4,0.384755134583
apache1,185,4,120,61,0,59,35,0,19,15,0,42,26,2,6,6,0,1,1,0,1,5,0,4,6,0.328167915344
apache1,117,4,110,57,0,59,35,0,17,13,0,34,20,4,6,6,0,1,1,0,2,5,0,3,5,0.313899993896
apache1,425,4,120,61,0,59,35,0,40,26,0,21,13,4,10,7,0,3,3,0,3,6,0,4,6,0.452229976654
apache1,187,2,100,53,0,59,35,0,17,12,0,24,14,2,7,6,0,2,2,0,2,4,0,3,4,0.327095985413
apache1,179,8,124,61,0,59,35,0,21,21,0,44,30,1,6,6,0,1,1,-1,0,0,0,5,6,0.337756872177
apache1,330,8,140,69,0,59,35,0,37,28,0,44,32,4,7,7,0,2,2,0,2,6,0,3,6,0.347033023834
apache1,223,7,137,69,0,59,35,0,38,26,0,40,29,2,9,6,0,2,2,0,5,5,0,2,4,0.382449150085
apache1,116,8,124,61,0,59,35,0,19,20,0,46,33,4,6,6,0,1,1,0,2,5,0,3,5,0.322489976883
apache1,221,6,137,69,0,59,35,0,40,28,0,38,26,3,6,6,0,1,1,0,2,5,0,3,6,0.345592975616
apache1,279,4,120,61,0,59,35,0,20,16,0,41,26,3,8,6,0,2,2,0,1,5,0,5,6,0.400609016418
apache1,376,5,110,57,0,59,35,0,32,21,0,19,13,3,6,6,0,1,1,0,3,5,0,2,5,0.304988861084
apache1,422,4,120,61,0,59,35,0,40,26,0,21,13,4,10,7,0,3,3,0,3,6,0,4,6,0.406883955002
apache1,147,6,120,61,0,59,35,0,20,16,0,41,27,4,7,7,0,2,2,0,2,6,0,3,6,0.355010032654
apache1,398,5,137,69,0,59,35,0,38,25,0,40,26,5,9,6,0,2,2,0,5,6,0,2,5,0.423285961151
apache1,131,3,107,57,0,59,35,0,19,14,0,29,22,2,5,5,0,1,1,0,2,4,0,2,5,0.283676862717
apache1,188,3,100,53,0,59,35,0,22,14,0,19,12,3,7,6,0,2,2,0,3,5,0,2,5,0.365515947342
apache1,108,5,110,57,0,59,35,0,17,14,0,34,21,2,10,9,0,3,3,0,1,3,0,6,8,0.377924919128
apache1,307,8,110,57,0,59,35,0,22,17,0,29,20,3,11,9,0,3,3,0,3,7,0,5,8,0.41522693634
apache1,420,4,110,57,0,59,35,0,29,19,0,22,13,4,9,7,0,3,3,0,3,6,0,3,6,0.370553970337
apache1,244,6,120,61,0,59,35,0,26,18,0,35,21,2,6,6,0,1,1,0,2,4,0,3,4,0.322255134583
apache1,306,4,110,57,0,59,35,0,22,16,0,29,19,3,7,7,0,2,2,0,3,7,0,2,6,0.322327136993
apache1,386,6,120,61,0,59,35,0,21,16,0,40,25,3,6,6,0,1,1,0,1,5,0,4,6,0.302660942078
apache1,354,6,141,69,0,59,35,0,38,28,0,44,31,2,6,6,0,1,1,0,3,6,0,2,4,0.347402095795
apache1,233,6,120,61,0,59,35,0,32,23,0,29,19,3,8,8,0,1,1,0,1,4,0,6,8,0.357914924622
apache1,247,6,109,57,0,59,35,0,16,15,0,34,22,5,8,8,0,1,1,0,3,7,0,4,5,0.353286981583
apache1,340,8,120,61,0,59,35,0,28,20,0,33,21,8,12,9,0,2,2,0,5,8,0,5,7,0.456598043442
apache1,141,6,110,57,0,59,35,0,19,15,0,32,20,4,10,8,0,2,2,0,2,6,0,6,7,0.374756813049
apache1,351,6,110,57,0,59,35,0,27,21,0,24,15,4,8,6,0,1,1,0,3,6,0,4,5,0.351114988327
apache1,157,4,120,61,0,59,35,0,28,19,0,33,21,4,9,7,0,2,2,0,3,6,0,4,6,0.389450073242
apache1,407,4,99,53,0,59,35,0,18,17,0,22,14,4,8,8,0,2,2,0,2,7,0,4,5,0.355540990829
apache1,362,3,120,61,0,59,35,0,42,28,0,19,14,3,9,6,0,2,2,0,4,6,0,3,6,0.392513036728
apache1,358,9,137,69,0,59,35,0,39,29,0,39,29,5,9,6,0,2,2,0,5,6,0,2,5,0.408308029175
apache1,273,7,120,61,0,59,35,0,33,22,0,28,18,7,11,9,0,2,2,0,4,7,0,5,8,0.425170898438
apache1,144,4,110,57,0,59,35,0,20,15,0,31,19,4,8,7,0,2,2,0,3,7,0,3,6,0.367739915848
apache1,339,8,120,61,0,59,35,0,28,20,0,33,21,8,12,9,0,2,2,0,5,8,0,5,7,0.489376068115
apache1,203,5,110,57,0,59,35,0,22,16,0,29,19,2,9,8,0,2,2,0,2,4,0,5,8,0.375961065292
apache1,283,4,124,61,0,59,35,0,21,16,0,44,29,3,8,6,0,2,2,0,2,5,0,4,6,0.407557010651
apache1,17,4,120,61,0,59,35,0,27,19,0,34,22,4,8,6,0,1,1,0,4,6,0,3,5,0.381917953491
apache1,47,8,124,65,0,59,35,0,41,30,0,24,22,4,7,6,0,2,2,0,3,6,0,2,4,0.376579999924
apache1,246,6,120,61,0,59,35,0,27,19,0,34,23,4,9,7,0,2,2,0,4,7,0,3,6,0.378159046173
apache1,378,3,110,57,0,59,35,0,30,20,0,21,14,3,7,6,0,1,1,0,3,5,0,3,6,0.379664182663
apache1,408,4,99,53,0,59,35,0,18,15,0,22,13,3,6,6,0,2,2,0,1,4,0,3,5,0.298236131668
apache1,49,7,120,61,0,59,35,0,31,21,0,30,21,4,6,6,0,1,1,0,3,5,0,2,5,0.322326898575
apache1,412,4,120,61,0,59,35,0,38,27,0,23,16,2,8,7,0,2,2,0,2,4,0,4,6,0.346644163132
apache1,110,4,110,57,0,59,35,0,17,13,0,34,21,4,7,7,0,2,2,0,2,6,0,3,6,0.338724136353
apache1,341,6,120,61,0,59,35,0,27,19,0,34,22,4,7,6,0,1,1,0,4,6,0,2,5,0.361384868622
apache1,281,4,124,61,0,59,35,0,20,15,0,45,29,3,8,6,0,2,2,0,2,5,0,4,6,0.385053157806
apache1,404,4,94,51,0,59,35,0,13,13,0,22,13,3,7,8,0,2,2,0,1,6,0,4,5,0.315299987793
apache1,367,3,124,61,0,59,35,0,46,31,0,19,14,3,9,6,0,2,2,0,4,6,0,3,6,0.401887178421
apache1,109,4,110,57,0,59,35,0,17,13,0,34,21,4,7,6,0,1,1,0,3,6,0,3,5,0.344314098358
apache1,308,7,124,61,0,59,35,0,21,20,0,44,31,5,8,7,0,2,2,0,2,6,0,4,7,0.386220932007
apache1,295,6,110,57,0,59,35,0,22,16,0,29,20,5,11,9,0,3,3,0,4,7,0,4,8,0.416483879089
apache1,415,4,124,61,0,59,35,0,44,29,0,21,13,4,10,7,0,3,3,0,3,6,0,4,6,0.403017997742
apache1,250,8,140,69,0,59,35,0,36,27,0,45,32,4,7,6,0,1,1,0,3,6,0,3,5,0.38697385788
apache1,207,5,140,69,0,59,35,0,39,30,0,42,29,4,7,6,0,1,1,0,3,5,0,3,6,0.374727964401
apache1,83,3,97,53,0,59,35,0,20,14,0,18,15,2,5,5,0,1,1,0,2,4,0,2,5,0.295081853867
apache1,342,6,120,61,0,59,35,0,28,19,0,33,21,4,7,6,0,1,1,0,4,6,0,2,5,0.328530073166
apache1,158,4,109,57,0,59,35,0,17,15,0,33,20,3,6,6,0,1,1,0,1,4,0,4,5,0.302397966385
apache1,270,9,120,61,0,59,35,0,31,23,0,30,21,3,7,7,0,2,2,0,3,7,0,2,6,0.316954851151
apache1,160,3,110,57,0,59,35,0,17,14,0,34,20,2,9,7,0,3,3,0,1,4,0,5,6,0.342712879181
apache1,241,8,144,69,0,59,35,0,40,30,0,45,32,4,7,6,0,1,1,0,3,6,0,3,5,0.359575033188
apache1,267,9,120,61,0,59,35,0,33,23,0,28,20,8,12,9,0,2,2,0,5,7,0,5,8,0.46532201767
apache1,417,4,110,57,0,59,35,0,29,21,0,22,15,4,10,9,0,3,3,0,4,8,0,3,6,0.391180038452
apache1,76,5,92,51,0,59,35,0,20,16,0,13,13,3,6,8,0,2,2,0,3,5,0,1,6,0.283540010452
apache1,421,6,120,61,0,59,35,0,39,28,0,22,17,4,8,7,0,2,2,0,3,7,0,3,6,0.366080999374
apache1,290,4,110,57,0,59,35,0,22,16,0,29,19,3,7,7,0,2,2,0,3,7,0,2,6,0.358136892319
apache1,204,5,110,57,0,59,35,0,22,15,0,29,19,4,8,6,0,1,1,0,4,5,0,3,6,0.338214874268
apache1,287,6,110,57,0,59,35,0,21,15,0,30,20,2,7,6,0,1,1,0,4,5,0,2,4,0.344006061554
apache1,418,6,110,57,0,59,35,0,28,21,0,23,17,4,7,7,0,2,2,0,3,7,0,2,6,0.320923089981
apache1,344,6,109,57,0,59,35,0,16,15,0,34,21,5,9,8,0,1,1,0,3,7,0,5,5,0.40003490448
apache1,77,5,100,53,0,59,35,0,22,14,0,19,12,5,9,7,0,3,3,0,4,7,0,2,5,0.358911991119
apache1,384,7,110,57,0,59,35,0,30,22,0,21,14,4,6,6,0,1,1,0,2,5,0,3,6,0.315301179886
apache1,296,5,97,53,0,59,35,0,22,15,0,16,15,5,8,8,0,2,2,0,4,5,0,2,7,0.36962389946
apache1,350,4,124,61,0,59,35,0,42,30,0,23,16,2,8,6,0,2,2,0,2,4,0,4,5,0.388261079788
apache1,155,4,110,57,0,59,35,0,17,14,0,34,20,4,9,6,0,2,2,0,2,6,0,5,5,0.359594106674
apache1,338,8,120,61,0,59,35,0,27,20,0,34,23,6,9,8,0,1,1,0,5,8,0,3,5,0.390648126602
apache1,216,9,120,61,0,59,35,0,32,23,0,29,21,6,8,6,0,1,1,0,3,5,0,4,6,0.422314882278
apache1,352,4,110,57,0,59,35,0,27,20,0,24,15,4,8,6,0,1,1,0,3,6,0,4,5,0.335613965988
apache1,366,6,120,61,0,59,35,0,40,28,0,21,15,2,9,6,0,2,2,0,2,5,0,5,6,0.415104866028
apache1,304,6,110,57,0,59,35,0,22,16,0,29,20,5,11,9,0,3,3,0,4,7,0,4,8,0.430085897446
apache1,385,5,110,57,0,59,35,0,32,22,0,19,13,4,6,6,0,1,1,0,3,5,0,2,5,0.32533288002
apache1,214,7,120,61,0,59,35,0,33,23,0,28,18,5,9,7,0,2,2,0,3,7,0,4,6,0.38477396965
apache1,294,6,110,57,0,59,35,0,22,16,0,29,20,4,6,6,0,1,1,0,3,5,0,2,6,0.302734136581
apache1,369,8,124,61,0,59,35,0,45,31,0,20,15,4,11,7,0,3,3,0,4,7,0,4,6,0.429344892502
apache1,209,7,144,69,0,59,35,0,41,31,0,44,32,4,7,6,0,1,1,0,3,5,0,3,6,0.388339042664
apache1,85,3,100,53,0,59,35,0,22,14,0,19,12,2,7,6,0,2,2,0,3,4,0,2,4,0.338147878647
apache1,16,5,120,61,0,59,35,0,32,20,0,29,20,3,9,7,0,2,2,0,5,7,0,2,5,0.441748142242
apache1,148,5,120,61,0,59,35,0,20,19,0,41,28,5,9,6,0,2,2,0,3,6,0,4,6,0.385488033295
apache1,182,4,120,61,0,59,35,0,17,18,0,44,28,2,9,7,0,3,3,0,1,4,0,5,6,0.388143777847
apache1,363,4,120,61,0,59,35,0,42,28,0,19,15,2,7,6,0,1,1,0,3,6,0,3,6,0.38875079155
apache1,288,6,110,57,0,59,35,0,21,16,0,30,20,2,7,6,0,1,1,0,3,5,0,3,6,0.331531047821
apache1,51,4,102,55,0,59,35,0,32,21,0,11,13,2,7,8,0,1,1,0,4,5,0,2,7,0.34835100174
apache1,156,4,110,57,0,59,35,0,20,15,0,31,20,3,6,6,0,1,1,0,3,6,0,2,6,0.332471132278
apache1,383,5,110,57,0,59,35,0,30,21,0,21,14,4,6,6,0,1,1,0,3,5,0,2,5,0.307029008865
apache1,309,6,120,61,0,59,35,0,21,16,0,40,26,4,7,7,0,2,2,0,2,7,0,3,6,0.324088096619
apache1,419,4,110,57,0,59,35,0,30,22,0,21,16,4,10,9,0,3,3,0,5,9,0,2,6,0.386496782303
apache1,252,8,144,69,0,59,35,0,40,30,0,45,32,4,7,6,0,1,1,0,3,6,0,3,5,0.377718925476
apache1,297,7,110,57,0,59,35,0,21,16,0,30,20,4,9,8,0,2,2,0,2,5,0,5,8,0.370849132538
apache1,50,4,107,57,0,59,35,0,32,21,0,16,15,2,6,6,0,1,1,0,3,5,0,2,5,0.302827119827
apache1,75,5,97,53,0,59,35,0,20,16,0,18,15,3,6,6,0,2,2,0,3,5,0,1,4,0.284240961075
apache1,289,6,110,57,0,59,35,0,21,16,0,30,20,2,7,6,0,1,1,0,3,5,0,3,6,0.331228017807
apache1,114,6,120,61,0,59,35,0,19,19,0,42,29,4,8,6,0,2,2,0,3,6,0,3,5,0.395651102066
apache1,217,7,120,61,0,59,35,0,32,23,0,29,19,5,9,7,0,2,2,0,3,7,0,4,6,0.371009111404
apache1,426,4,109,57,0,59,35,0,29,22,0,21,13,3,7,6,0,2,2,0,1,4,0,4,5,0.381263971329
apache1,234,9,120,61,0,59,35,0,32,23,0,29,21,6,8,6,0,1,1,0,3,5,0,4,6,0.393630981445
apache1,423,4,109,57,0,59,35,0,29,22,0,21,13,3,7,6,0,2,2,0,1,4,0,4,5,0.366939067841
apache1,403,6,141,69,0,59,35,0,37,26,0,45,32,4,7,7,0,2,2,0,2,7,0,3,6,0.355884075165
apache1,364,8,120,61,0,59,35,0,41,28,0,20,15,4,11,7,0,3,3,0,4,7,0,4,6,0.469037055969
apache1,424,4,120,61,0,59,35,0,38,27,0,23,16,2,8,7,0,2,2,0,2,4,0,4,6,0.368569135666
apache1,159,4,104,55,0,59,35,0,12,13,0,33,20,3,7,8,0,1,1,0,1,6,0,5,5,0.316474914551
apache1,212,7,120,61,0,59,35,0,31,21,0,30,19,2,6,6,0,1,1,0,3,4,0,2,4,0.335554838181
apache1,393,6,110,57,0,59,35,0,22,16,0,29,20,5,11,9,0,3,3,0,4,7,0,4,8,0.440913915634
apache1,128,5,140,69,0,59,35,0,42,33,0,39,28,3,6,6,0,1,1,0,2,5,0,3,6,0.372269868851
apache1,269,7,120,61,0,59,35,0,32,22,0,29,19,4,7,6,0,1,1,0,2,5,0,4,6,0.35129404068
apache1,272,9,120,61,0,59,35,0,33,24,0,28,19,5,10,9,0,2,2,0,3,7,0,5,8,0.551356077194
apache1,52,3,120,61,0,59,35,0,30,19,0,31,20,2,8,6,0,1,1,0,5,5,0,2,4,0.32945394516
apache1,274,7,144,69,0,59,35,0,39,32,0,46,31,3,7,7,0,2,2,0,2,6,0,3,6,0.367176055908
apache1,71,4,124,61,0,59,35,0,19,14,0,46,29,4,10,7,0,3,3,0,3,7,0,4,6,0.393141031265
apache1,349,4,120,61,0,59,35,0,38,27,0,23,16,2,8,6,0,2,2,0,2,4,0,4,5,0.347301006317
apache1,70,4,110,57,0,59,35,0,20,15,0,31,20,3,10,7,0,3,3,0,4,7,0,3,6,0.431829214096
apache1,371,6,124,61,0,59,35,0,44,31,0,21,15,2,9,6,0,2,2,0,2,5,0,5,6,0.399860143661
apache1,301,8,110,57,0,59,35,0,22,17,0,29,20,3,11,9,0,3,3,0,3,7,0,5,8,0.397555828094
apache1,328,9,140,69,0,59,35,0,40,30,0,41,27,5,9,6,0,2,2,0,5,6,0,2,5,0.400306940079
apache1,343,7,120,61,0,59,35,0,26,20,0,35,23,4,7,7,0,2,2,0,2,7,0,3,6,0.332389831543
apache1,392,7,110,57,0,59,35,0,22,16,0,29,19,4,6,6,0,1,1,0,2,5,0,3,6,0.327574014664
apache1,286,5,110,57,0,59,35,0,21,15,0,30,19,4,7,6,0,1,1,0,3,5,0,3,5,0.365683078766
apache1,72,8,120,61,0,59,35,0,21,20,0,40,27,4,10,7,0,3,3,0,2,7,0,5,6,0.402611970901
apache1,391,4,110,57,0,59,35,0,22,16,0,29,19,3,7,7,0,2,2,0,3,7,0,2,6,0.330450057983
apache1,402,7,141,69,0,59,35,0,39,27,0,43,31,5,9,6,0,2,2,0,5,6,0,2,5,0.433359146118
apache1,291,7,110,57,0,59,35,0,22,16,0,29,19,4,6,6,0,1,1,0,2,5,0,3,6,0.312896966934
apache1,379,5,110,57,0,59,35,0,31,22,0,20,14,4,6,6,0,1,1,0,2,5,0,3,6,0.301489114761
apache1,248,6,120,61,0,59,35,0,28,20,0,33,22,6,8,6,0,1,1,0,4,6,0,3,5,0.36590719223
apache1,265,9,120,61,0,59,35,0,33,24,0,28,20,6,9,8,0,1,1,0,3,5,0,5,8,0.401113986969
apache1,143,4,110,57,0,59,35,0,19,14,0,32,19,4,7,6,0,1,1,0,3,6,0,3,5,0.324672937393
apache1,112,4,124,61,0,59,35,0,17,14,0,48,31,4,8,6,0,2,2,0,3,6,0,3,5,0.40451002121
apache1,413,4,120,61,0,59,35,0,40,26,0,21,13,4,10,7,0,3,3,0,3,6,0,4,6,0.403494119644
apache1,235,6,120,61,0,59,35,0,27,19,0,34,23,4,8,8,0,1,1,0,5,8,0,2,5,0.353697061539
apache1,416,4,110,57,0,59,35,0,29,20,0,22,15,4,7,7,0,2,2,0,2,6,0,3,6,0.323796033859
apache1,305,5,97,53,0,59,35,0,22,15,0,16,15,5,8,8,0,2,2,0,4,5,0,2,7,0.344076871872
apache1,186,4,100,53,0,59,35,0,17,12,0,24,14,4,9,7,0,3,3,0,2,6,0,4,6,0.384583950043
apache1,205,3,124,61,0,59,35,0,21,15,0,44,29,2,8,6,0,2,2,0,4,5,0,2,4,0.382146120071
apache1,236,6,120,61,0,59,35,0,28,20,0,33,22,6,8,6,0,1,1,0,4,6,0,3,5,0.347294092178
apache1,337,8,120,61,0,59,35,0,27,20,0,34,23,6,9,8,0,1,1,0,5,8,0,3,5,0.370978832245
apache1,206,4,120,61,0,59,35,0,21,19,0,40,28,2,8,6,0,2,2,0,4,5,0,2,4,0.366959810257
apache1,400,6,137,69,0,59,35,0,36,26,0,42,28,4,7,7,0,2,2,0,2,7,0,3,6,0.373045921326
apache1,347,8,144,69,0,59,35,0,41,31,0,44,32,4,7,7,0,2,2,0,2,6,0,3,6,0.374361991882
apache1,277,4,120,61,0,59,35,0,20,15,0,41,26,3,8,6,0,2,2,0,2,5,0,4,6,0.381853103638
apache1,380,4,110,57,0,59,35,0,32,22,0,19,14,3,10,9,0,3,3,0,6,9,0,1,4,0.379321098328
apache1,140,4,120,61,0,59,35,0,29,19,0,32,20,4,6,6,0,1,1,0,3,6,0,2,5,0.301738023758
apache1,145,5,124,61,0,59,35,0,20,20,0,45,32,5,8,7,0,2,2,0,2,6,0,4,7,0.356623888016
apache1,335,8,140,69,0,59,35,0,37,28,0,44,32,4,7,7,0,2,2,0,2,6,0,3,6,0.369323015213
apache1,401,5,141,69,0,59,35,0,38,25,0,44,29,5,9,6,0,2,2,0,5,6,0,2,5,0.439763069153
apache1,357,6,137,69,0,59,35,0,38,28,0,40,28,2,6,6,0,1,1,0,3,6,0,2,4,0.359763145447
apache1,243,6,120,61,0,59,35,0,26,19,0,35,23,4,9,8,0,1,1,0,5,8,0,3,5,0.383069992065
apache1,389,6,124,61,0,59,35,0,22,16,0,43,29,4,7,7,0,2,2,0,3,7,0,2,6,0.32435297966
apache1,271,6,107,57,0,59,35,0,33,22,0,15,14,4,9,8,0,1,1,0,4,5,0,4,7,0.372843980789
apache1,390,7,110,57,0,59,35,0,21,16,0,30,19,4,7,6,0,1,1,0,2,5,0,4,6,0.337964057922
apache1,377,6,110,57,0,59,35,0,31,23,0,20,15,3,9,7,0,2,2,0,4,7,0,3,6,0.39109992981
apache1,374,5,110,57,0,59,35,0,31,23,0,20,14,4,7,6,0,1,1,0,3,5,0,3,6,0.329077959061
apache1,382,4,110,57,0,59,35,0,33,23,0,18,14,3,7,7,0,2,2,0,4,7,0,1,3,0.321904182434
apache1,211,7,120,61,0,59,35,0,33,23,0,28,19,4,9,8,0,1,1,0,3,5,0,5,8,0.399322032928
apache1,414,4,124,61,0,59,35,0,42,30,0,23,16,2,8,7,0,2,2,0,2,4,0,4,6,0.394483804703
apache1,106,4,100,53,0,59,35,0,17,12,0,24,14,4,7,6,0,2,2,0,2,5,0,3,5,0.317172050476
apache1,249,6,120,61,0,59,35,0,28,20,0,33,23,4,9,7,0,2,2,0,4,7,0,3,6,0.375599145889
apache1,255,8,140,69,0,59,35,0,36,27,0,45,32,4,7,6,0,1,1,0,3,6,0,3,5,0.381896018982
apache1,275,9,140,69,0,59,35,0,40,32,0,41,29,3,7,7,0,2,2,0,2,6,0,3,6,0.353217124939
apache1,336,4,120,61,0,59,35,0,38,27,0,23,16,2,8,6,0,2,2,0,2,4,0,4,5,0.369396924973
apache1,332,9,144,69,0,59,35,0,40,30,0,45,30,5,9,6,0,2,2,0,5,6,0,2,5,0.447491884232
apache1,368,4,124,61,0,59,35,0,46,31,0,19,15,2,7,6,0,1,1,0,3,6,0,3,6,0.371782064438
apache1,266,8,120,61,0,59,35,0,29,22,0,32,21,7,12,9,0,2,2,0,4,7,0,6,8,0.525431871414
apache1,115,8,120,61,0,59,35,0,19,20,0,42,30,4,6,6,0,1,1,0,2,5,0,3,5,0.363710165024
apache1,113,6,120,61,0,59,35,0,19,19,0,42,29,4,7,7,0,2,2,0,2,6,0,3,6,0.352957010269
apache1,81,3,107,57,0,59,35,0,19,14,0,29,22,2,5,5,0,1,1,0,2,4,0,2,5,0.31466794014
apache1,84,3,92,51,0,59,35,0,20,14,0,13,13,2,5,7,0,1,1,0,2,4,0,2,7,0.280143022537
apache1,220,11,141,69,0,59,35,0,38,28,0,44,34,2,9,6,0,2,2,0,4,5,0,3,5,0.401818037033
apache1,375,5,110,57,0,59,35,0,33,23,0,18,14,4,7,6,0,1,1,0,4,5,0,2,6,0.338044881821
apache1,218,8,141,69,0,59,35,0,40,30,0,42,30,3,6,6,0,1,1,0,2,5,0,3,6,0.356406927109
apache1,111,8,124,61,0,59,35,0,19,20,0,46,34,4,7,7,0,2,2,0,2,6,0,3,6,0.363526105881
apache1,346,6,120,61,0,59,35,0,27,19,0,34,22,6,11,9,0,2,2,0,5,9,0,4,6,0.462927103043
apache1,293,6,110,57,0,59,35,0,22,16,0,29,20,4,6,6,0,1,1,0,3,5,0,2,6,0.354337930679
apache1,239,8,140,69,0,59,35,0,36,27,0,45,32,4,7,6,0,1,1,0,3,6,0,3,5,0.371449947357
apache1,172,5,144,69,0,59,35,0,42,33,0,43,31,3,6,6,0,1,1,0,2,5,0,3,6,0.463445901871
apache1,213,7,120,61,0,59,35,0,32,23,0,29,19,4,8,8,0,1,1,0,2,5,0,5,8,0.364675045013
apache1,370,4,124,61,0,59,35,0,44,30,0,21,15,2,9,6,0,2,2,0,3,6,0,4,6,0.435312986374
apache1,381,6,110,57,0,59,35,0,31,23,0,20,15,3,7,7,0,2,2,0,3,7,0,2,6,0.318725824356
apache1,365,6,120,61,0,59,35,0,42,29,0,19,15,2,9,6,0,2,2,0,3,6,0,4,6,0.392454862595
apache1,292,7,110,57,0,59,35,0,22,16,0,29,19,4,6,6,0,1,1,0,2,5,0,3,6,0.322458982468
apache1,280,6,120,61,0,59,35,0,21,16,0,40,26,4,7,7,0,2,2,0,2,7,0,3,6,0.339693069458
apache1,176,3,107,57,0,59,35,0,19,14,0,29,22,2,5,5,0,1,1,0,2,4,0,2,5,0.289676189423
apache1,78,3,110,57,0,59,35,0,20,14,0,31,19,2,8,6,0,2,2,0,2,4,0,4,6,0.330640077591
apache1,215,6,107,57,0,59,35,0,33,22,0,15,14,4,8,8,0,1,1,0,3,5,0,4,7,0.367027044296
apache1,142,5,110,57,0,59,35,0,19,15,0,32,20,2,10,9,0,3,3,0,1,3,0,6,8,0.367349147797
apache1,245,6,120,61,0,59,35,0,28,19,0,33,22,4,8,8,0,1,1,0,5,8,0,2,5,0.342736959457
apache1,409,4,113,57,0,59,35,0,33,25,0,21,13,3,7,6,0,2,2,0,1,4,0,4,5,0.331568956375
apache1,331,4,120,61,0,59,35,0,38,27,0,23,16,2,8,6,0,2,2,0,2,4,0,4,5,0.348953008652
apache1,175,6,107,57,0,59,35,0,19,17,0,29,23,2,6,6,0,2,2,0,2,5,0,2,5,0.331871986389
apache1,107,6,110,57,0,59,35,0,17,14,0,34,21,4,10,8,0,2,2,0,2,6,0,6,7,0.401932001114
apache1,298,8,110,57,0,59,35,0,21,16,0,30,21,2,9,8,0,2,2,0,3,5,0,4,8,0.387567043304
apache1,299,6,110,57,0,59,35,0,22,16,0,29,20,2,9,8,0,2,2,0,3,5,0,4,8,0.401509046555
apache1,303,6,144,69,0,59,35,0,41,32,0,44,30,3,6,6,0,1,1,0,1,5,0,4,6,0.375294923782
apache1,264,8,120,61,0,59,35,0,32,23,0,29,20,5,9,8,0,1,1,0,2,5,0,6,8,0.4040620327
apache1,348,8,140,69,0,59,35,0,37,30,0,44,28,4,7,7,0,2,2,0,2,7,0,3,6,0.349423885345
apache1,285,7,124,61,0,59,35,0,21,20,0,44,31,5,8,7,0,2,2,0,2,6,0,4,7,0.351478815079
apache1,373,5,110,57,0,59,35,0,32,22,0,19,14,5,10,8,0,2,2,0,6,8,0,2,6,0.389647960663
apache1,184,4,120,61,0,59,35,0,17,18,0,44,28,2,8,6,0,2,2,0,1,3,0,5,5,0.354846000671
apache1,300,6,110,57,0,59,35,0,22,16,0,29,20,2,9,8,0,2,2,0,3,5,0,4,8,0.387793064117
apache1,394,5,97,53,0,59,35,0,22,15,0,16,15,5,8,8,0,2,2,0,4,5,0,2,7,0.359318971634
apache1,268,6,120,61,0,59,35,0,32,23,0,29,19,3,7,6,0,1,1,0,1,5,0,5,6,0.368046998978
apache1,399,9,137,69,0,59,35,0,38,29,0,40,28,5,9,6,0,2,2,0,4,6,0,3,5,0.418364048004
apache1,411,4,109,57,0,59,35,0,29,22,0,21,13,3,7,6,0,2,2,0,1,4,0,4,5,0.338860034943
apache1,345,8,120,61,0,59,35,0,27,20,0,34,24,4,10,9,0,2,2,0,5,9,0,3,6,0.386902093887
apache1,282,4,124,61,0,59,35,0,20,16,0,45,30,3,8,6,0,2,2,0,2,5,0,4,6,0.365872144699
apache1,372,3,110,57,0,59,35,0,31,21,0,20,14,3,7,6,0,1,1,0,3,5,0,3,6,0.326992988586
apache1,334,8,144,69,0,59,35,0,41,31,0,44,32,4,7,7,0,2,2,0,2,6,0,3,6,0.351162910461
apache2,22,4,171,90,0,65,38,0,16,17,0,90,58,0,4,7,-1,0,0,0,4,7,-1,0,0,0.330882072449
apache2,17,4,102,55,0,65,38,0,21,18,0,16,12,0,4,7,-1,0,0,0,4,7,-1,0,0,0.258479118347
apache2,18,3,78,43,0,65,38,0,8,7,0,5,7,3,6,7,0,1,1,0,2,4,0,3,7,0.28946685791
apache2,16,2,78,43,0,65,38,0,6,5,0,7,7,0,4,7,-1,0,0,-1,0,0,0,4,7,0.251105070114
apache2,19,4,171,90,0,65,38,0,14,13,0,92,61,1,5,7,-1,0,0,0,2,5,0,3,7,0.390705823898
apache2,21,4,171,90,0,65,38,0,94,61,0,12,15,2,7,7,0,1,1,0,2,4,0,4,7,0.421056985855
apache2,20,4,171,90,0,65,38,0,90,58,0,16,17,0,4,7,-1,0,0,-1,0,0,0,4,7,0.350532054901
apache2,15,5,102,55,0,65,38,0,17,15,0,20,19,2,5,7,-1,0,0,0,4,7,0,1,4,0.311034917831
bankaccount,17,6,99,22,0,37,16,0,36,14,0,26,12,4,11,15,0,5,5,0,5,11,0,1,7,0.463096141815
bankaccount,18,7,99,22,0,37,16,0,36,14,0,26,12,4,9,13,0,4,4,0,1,7,0,4,9,0.404272079468
bankaccount,16,6,99,22,0,37,16,0,36,14,0,26,12,4,11,15,0,5,5,0,5,11,0,1,8,0.47758603096
bankaccount,19,6,98,22,0,37,16,0,36,14,0,25,11,4,11,15,0,5,5,0,5,11,0,1,9,0.457008123398
bankaccount,5,5,98,22,0,37,16,0,35,13,0,26,12,4,9,13,0,4,4,0,1,8,0,4,9,0.401016950607
bluetooth,6,5,21,10,0,10,8,0,5,6,0,6,6,2,3,4,0,1,1,0,1,3,0,1,2,0.214405059814
pool,131,4,518,162,0,118,33,0,182,71,0,218,77,0,2,3,-1,0,0,-1,0,0,0,2,3,0.53334403038
pool,137,3,518,162,0,118,33,0,207,77,0,193,71,0,2,4,-1,0,0,0,2,4,-1,0,0,0.538465976715
pool,130,4,518,162,0,118,33,0,182,71,0,218,77,0,2,4,-1,0,0,-1,0,0,0,2,4,0.538650035858
pool,143,4,471,147,0,118,33,0,182,71,0,171,62,0,2,4,-1,0,0,-1,0,0,0,2,4,0.468578100204
pool,152,3,471,147,0,118,33,0,160,62,0,193,71,0,2,3,-1,0,0,0,2,3,-1,0,0,0.482594966888
pool,138,3,518,162,0,118,33,0,207,77,0,193,71,0,2,3,-1,0,0,0,2,3,-1,0,0,0.544470071793
pool,149,3,471,147,0,118,33,0,160,62,0,193,71,0,2,4,-1,0,0,0,2,4,-1,0,0,0.478761911392
pool,146,4,471,147,0,118,33,0,182,71,0,171,62,0,2,3,-1,0,0,-1,0,0,0,2,3,0.481349945068
deadlock,9,5,29,7,0,13,7,0,8,7,0,8,6,3,4,6,0,1,2,0,2,5,0,1,4,0.232666015625
